143
Siderastrea_radians        0.0000000 0.0945446 0.1085692 0.1127476 0.1080524 0.1064851 0.1084078 0.1150446 0.1070671 0.1098424 0.1097393 0.1073987 0.1089637 0.1100495 0.1032798 0.1053298 0.1028001 0.1083088 0.1083088 0.1082998 0.1081970 0.1087418 0.1084117 0.1084027 0.1082998 0.1085296 0.1085141 0.1089178 0.1083935 0.1089209 0.1083303 0.1088568 0.1088484 0.1120408 0.1087108 0.1089460 0.1083846 0.1119050 0.1139573 0.1208964 0.1189077 0.1222205 0.1185890 0.0000010 0.1097167 0.0988472 0.0999985 0.0999985 0.1018288 0.1012356 0.0877289 0.0451995 0.0413209 0.0505572 0.0519506 0.6489770 0.0550560 0.6500216 0.0506727 0.0548084 0.6469326 0.0530598 0.6298331 0.1696382 0.6305087 0.0902691 0.0910899 0.0249056 0.1822564 0.1847318 0.1805649 0.0524552 0.1816773 0.0696971 0.0765269 0.0675408 0.0766845 0.0704053 0.0751402 0.0852831 0.0852029 0.0509805 0.0957025 0.1403724 0.1823224 0.0877308 0.0839081 0.1855484 0.0725765 0.0992422 0.0674351 0.0711740 0.0735860 0.0711740 0.0699814 0.0920385 0.0932330 0.1133567 0.0000010 0.1169336 0.1169336 0.1173577 0.1187187 0.1188882 0.1189076 0.1188938 0.1187187 0.1193475 0.1213364 0.1206854 0.1205076 0.1214860 0.1231089 0.1223001 0.1157411 0.0913219 0.0924124 0.1319346 0.0836730 0.0838809 0.0834343 0.0815140 0.0895182 0.0722218 0.0517495 0.0746387 0.0746387 0.0739700 0.5930917 0.0786231 0.0785017 0.0785017 0.0998220 0.0928365 0.1059963 0.0974441 0.6527287 0.1006463 0.1010286 0.1004887 0.0976276 0.0690180 0.0690180 
Astreopora_myriophthalma   0.0945446 0.0000000 0.0569055 0.1321399 0.0566217 0.1297537 0.0552798 0.1313493 0.1307765 0.1280937 0.1286883 0.1310285 0.0510957 0.1289442 0.1289330 0.1284273 0.1295170 0.0517983 0.0517983 0.0517944 0.0517052 0.0505267 0.0517052 0.0509819 0.0516121 0.0508188 0.0525829 0.0509952 0.0507963 0.0517805 0.0511657 0.0511896 0.0513677 0.1322331 0.0527578 0.0509602 0.0505794 0.0545778 0.1065700 0.1121529 0.1097937 0.1109818 0.1100404 0.0295129 0.0865960 0.0434360 0.0443191 0.0443191 0.0471474 0.0410937 0.0444643 0.0708406 0.0674290 0.0680708 0.0735740 0.7014914 0.0742150 0.7001591 0.0746611 0.0731114 0.6969966 0.0258301 0.6761420 0.0856045 0.6766068 0.0959025 0.0966902 0.0997559 0.0927499 0.0984828 0.0663292 0.0755242 0.0673879 0.0078748 0.0740453 0.0057792 0.0723710 0.0081038 0.0726565 0.0748788 0.0729627 0.0762654 0.0887274 0.0637055 0.0935541 0.0770081 0.0730592 0.0863310 0.0907113 0.0920129 0.0855788 0.0896238 0.0896238 0.0896238 0.0869926 0.0922058 0.1015053 0.0859845 0.0748150 0.0823461 0.0823461 0.0844831 0.0805980 0.0841081 0.0841176 0.0841122 0.0839944 0.0844079 0.0861858 0.0857671 0.0856468 0.0883451 0.0844079 0.0873032 0.1240424 0.0903105 0.0876636 0.1274772 0.0860813 0.0862926 0.0839428 0.0478436 0.0935588 0.0531013 0.0797494 0.0458374 0.0494326 0.0586148 0.6738235 0.0494297 0.0458372 0.0493584 0.0793922 0.0860226 0.0907776 0.0939954 0.6980379 0.0929128 0.0894772 0.0890090 0.0803344 0.0582044 0.0582044 
Montipora_aequituberculata 0.1085692 0.0569055 0.0000000 0.1391947 0.0050466 0.1379944 0.0053509 0.1391709 0.1395000 0.1396460 0.1400353 0.1401366 0.0541477 0.1401742 0.1393278 0.1390903 0.1401128 0.0545333 0.0545333 0.0545292 0.0544401 0.0535524 0.0544402 0.0539101 0.0543471 0.0539345 0.0552182 0.0538273 0.0537244 0.0547981 0.0538228 0.0541197 0.0542976 0.1419075 0.0553969 0.0518270 0.0516509 0.0575381 0.1160281 0.1209635 0.1185800 0.1216408 0.1188406 9.0000000 0.1129403 0.0034878 0.0013897 0.0013897 0.0042125 0.0007362 0.0000010 0.0589032 0.0561039 0.0589338 0.0645788 0.7080199 0.0651228 0.7064594 0.0621381 0.0620955 0.7003552 0.0033508 0.6900568 0.0448261 0.6905279 0.1192638 0.1240609 0.1169592 0.0568291 0.0641132 0.0028355 0.0613899 0.0037801 0.0222950 0.0636197 0.0242119 0.0637496 0.0216696 0.0622705 0.0702799 0.0702190 0.0668706 0.0786693 0.0011080 0.0540159 0.0722587 0.0699933 0.0502131 0.0799786 0.0815108 0.0777541 0.0816710 0.0841820 0.0816710 0.0791159 0.1060143 0.1066415 0.0467411 0.0887371 0.0436710 0.0436710 0.0468114 0.0451473 0.0452031 0.0452052 0.0452053 0.0451473 0.0453478 0.0468858 0.0466878 0.0466277 0.0486159 0.0453494 0.0481122 0.1321336 0.1201537 0.1365630 0.1383146 0.1172739 0.1175764 0.1131524 0.0117938 0.1289653 0.0603334 0.0691433 0.0090773 0.0090773 0.0659675 0.6780234 0.0090768 0.0090650 0.0090650 0.0986931 0.1308380 0.1070021 0.1295953 0.7097006 0.1340592 0.1365180 0.1357520 0.0970950 0.0600053 0.0600053 
Goniopora_lobata           0.1127476 0.1321399 0.1391947 0.0000000 0.1411276 0.0096412 0.1406659 0.0113182 0.0460539 0.0474651 0.0474111 0.0473001 0.1448125 0.0474709 0.0477395 0.0486104 0.0475287 0.1438120 0.1438120 0.1435628 0.1436868 0.1442045 0.1436880 0.1444782 0.1435628 0.1439285 0.1442922 0.1442723 0.1444651 0.1449782 0.1440053 0.1443333 0.1445589 0.0500188 0.1444012 0.1450046 0.1442645 0.1476262 0.1455927 0.1622043 0.1610692 0.1621270 0.1600295 9.0000000 0.0409380 0.1280214 0.1261948 0.1261948 0.1306230 0.1306399 0.1256736 0.0209577 0.0209926 0.0056506 0.0161491 0.6881217 0.0162631 0.6874726 0.0141514 0.0081585 0.6833833 0.0590322 0.6698272 0.1981609 0.6708704 0.0101012 0.0066459 0.1375233 0.2028228 0.2134579 0.1976593 0.0158525 0.2007198 0.0684297 0.0858495 0.0679383 0.0860312 0.0693441 0.0873946 0.0865884 0.0865052 0.0200390 0.0981804 0.1795234 0.2037791 0.0891144 0.0836306 0.2012144 0.0244135 0.1018578 0.0190294 0.0220486 0.0220486 0.0220486 0.0210542 0.1484511 0.1390253 0.1764944 0.0939024 0.1759863 0.1759863 0.1767608 0.1737164 0.1782967 0.1783361 0.1783042 0.1780244 0.1790844 0.1814815 0.1803484 0.1800657 0.1848893 0.1834358 0.1821103 0.0066062 0.0124565 0.0337070 0.2040108 0.0056641 0.0056762 0.0057564 0.1169153 0.0028140 0.1203611 0.0176044 0.1106232 0.1106232 0.1180184 0.6792469 0.1149876 0.1148029 0.1148029 0.1152541 0.0350516 0.1170912 0.0352554 0.6856648 0.0398007 0.0346156 0.0327029 0.1173252 0.1180959 0.1180959 
Montipora_cactus           0.1080524 0.0566217 0.0050466 0.1411276 0.0000000 0.1396166 0.0040585 0.1406798 0.1413996 0.1409992 0.1411421 0.1417874 0.0533031 0.1412813 0.1410178 0.1407895 0.1418107 0.0536801 0.0536801 0.0536761 0.0535872 0.0527102 0.0535873 0.0531517 0.0534945 0.0529931 0.0545489 0.0529843 0.0529665 0.0539517 0.0527988 0.0532757 0.0534532 0.1429376 0.0545407 0.0511757 0.0509999 0.0568557 0.1149964 0.1204233 0.1178390 0.1211035 0.1181826 9.0000000 0.1070939 0.0049008 0.0027897 0.0027897 0.0056374 0.0022174 0.0018356 0.0602971 0.0590132 0.0603859 0.0659993 0.7083152 0.0665577 0.7061038 0.0620747 0.0620917 0.6997478 0.0067654 0.6903328 0.0459622 0.6908038 0.1136665 0.1183768 0.1189310 0.0580197 0.0653332 0.0018882 0.0613256 0.0028318 0.0273559 0.0651091 0.0281459 0.0652423 0.0255549 0.0637540 0.0718259 0.0717630 0.0685065 0.0802504 0.0000010 0.0553147 0.0722495 0.0699853 0.0514969 0.0822456 0.0814956 0.0800784 0.0840196 0.0865424 0.0840196 0.0814508 0.1078828 0.1049318 0.0452572 0.0789076 0.0452033 0.0452033 0.0483625 0.0466855 0.0467434 0.0467456 0.0467457 0.0466855 0.0468935 0.0484398 0.0482340 0.0481718 0.0501846 0.0468951 0.0496622 0.1261928 0.1106901 0.1264116 0.1403489 0.1076951 0.1079667 0.1035769 0.0087176 0.1189114 0.0560381 0.0690431 0.0059623 0.0029630 0.0615366 0.6747271 0.0059620 0.0059545 0.0059545 0.0935982 0.1201382 0.1016143 0.1188755 0.7083166 0.1228745 0.1252174 0.1245316 0.0915293 0.0552177 0.0552177 
Goniopora_djiboutiensis    0.1064851 0.1297537 0.1379944 0.0096412 0.1396166 0.0000000 0.1393883 0.0024839 0.0447906 0.0465238 0.0465510 0.0459241 0.1427806 0.0466110 0.0445466 0.0470148 0.0440599 0.1425068 0.1425068 0.1422580 0.1423817 0.1426245 0.1423830 0.1429994 0.1422580 0.1421344 0.1429855 0.1424774 0.1429864 0.1429419 0.1423137 0.1423011 0.1425262 0.0490399 0.1428578 0.1434495 0.1427021 0.1463089 0.1461069 0.1582397 0.1571945 0.1583205 0.1553065 0.0602634 0.0415385 0.1254352 0.1236182 0.1236182 0.1279856 0.1290109 0.1228709 0.0209633 0.0209981 0.0033628 0.0161532 0.6863856 0.0162674 0.6860106 0.0141550 0.0057774 0.6812202 0.0590507 0.6673784 0.1911094 0.6684183 0.0100917 0.0112127 0.1325767 0.1990235 0.2096677 0.1939901 0.0158568 0.1951208 0.0684523 0.0858797 0.0679614 0.0860616 0.0693677 0.0874256 0.0866193 0.0865360 0.0200450 0.0982161 0.1731617 0.1996085 0.0891472 0.0836611 0.1970158 0.0254040 0.1018965 0.0210502 0.0241021 0.0241021 0.0241021 0.0230984 0.1453413 0.1358805 0.1715053 0.0991015 0.1710071 0.1710071 0.1717579 0.1687383 0.1733153 0.1733535 0.1733228 0.1730485 0.1740823 0.1764732 0.1753705 0.1750933 0.1798470 0.1784370 0.1771414 0.0039379 0.0125208 0.0370199 0.2054892 0.0056573 0.0056694 0.0057494 0.1108947 0.0085745 0.1214184 0.0193268 0.1044926 0.1044926 0.1190468 0.6226212 0.1087953 0.1086214 0.1086214 0.1143970 0.0386711 0.1162385 0.0388992 0.6806483 0.0436266 0.0383572 0.0363915 0.1163996 0.1192544 0.1192544 
Montipora_efflorescens     0.1084078 0.0552798 0.0053509 0.1406659 0.0040585 0.1393883 0.0000000 0.1404519 0.1413795 0.1403344 0.1407248 0.1417676 0.0518896 0.1408639 0.1403862 0.1401227 0.1408643 0.0520868 0.0520868 0.0520830 0.0519945 0.0511168 0.0519945 0.0515564 0.0519022 0.0514950 0.0529497 0.0513894 0.0513723 0.0523500 0.0513851 0.0516787 0.0518554 0.1420193 0.0529418 0.0500470 0.0498718 0.0552366 0.1141237 0.1201870 0.1172679 0.1208667 0.1177979 9.0000000 0.1017004 0.0048968 0.0000010 0.0000010 0.0056328 0.0022154 0.0018337 0.0575146 0.0547295 0.0575443 0.0631647 0.7048563 0.0636943 0.7029120 0.0621381 0.0620955 0.6953291 0.0022290 0.6857863 0.0493533 0.6862552 0.1085114 0.1131541 0.1169458 0.0592178 0.0665617 0.0028382 0.0613899 0.0037832 0.0210734 0.0650448 0.0229472 0.0651777 0.0204175 0.0636910 0.0717534 0.0716906 0.0652429 0.0771727 0.0022212 0.0566220 0.0737778 0.0699933 0.0527887 0.0799786 0.0799542 0.0777541 0.0816710 0.0841820 0.0816710 0.0791159 0.1060041 0.1030837 0.0468015 0.0747411 0.0467457 0.0467457 0.0499244 0.0482340 0.0482940 0.0482965 0.0482964 0.0482340 0.0484498 0.0500044 0.0497909 0.0497264 0.0517644 0.0484514 0.0512229 0.1274531 0.1108542 0.1223864 0.1382955 0.1037928 0.1040537 0.0996535 0.0057844 0.1148828 0.0488887 0.0691433 0.0000010 0.0029667 0.0542643 0.6721185 0.0029666 0.0029629 0.0029629 0.0897691 0.1158663 0.0976447 0.1145885 0.7037865 0.1184308 0.1207437 0.1200847 0.0873346 0.0472557 0.0472557 
Goniopora_columna          0.1150446 0.1313493 0.1391709 0.0113182 0.1406798 0.0024839 0.1404519 0.0000000 0.0462306 0.0487075 0.0488892 0.0473713 0.1434864 0.0489487 0.0493120 0.0503544 0.0488292 0.1432128 0.1432128 0.1429637 0.1430876 0.1433311 0.1430889 0.1437063 0.1429637 0.1428399 0.1436926 0.1431832 0.1436933 0.1436492 0.1430295 0.1430070 0.1432322 0.0514949 0.1435647 0.1440311 0.1432831 0.1470232 0.1467714 0.1627822 0.1609331 0.1623153 0.1598919 9.0000000 0.0480200 0.1262971 0.1244820 0.1244820 0.1288573 0.1299339 0.1255570 0.0209633 0.0209981 0.0033628 0.0161532 0.6887468 0.0162674 0.6883940 0.0141550 0.0057774 0.6836028 0.0590507 0.6697615 0.1939041 0.6708038 0.0100726 0.0111914 0.1356205 0.2019417 0.2106314 0.1968035 0.0158568 0.1979358 0.0684523 0.0858797 0.0679614 0.0860616 0.0693677 0.0874256 0.0866193 0.0865360 0.0200450 0.0982161 0.1761778 0.2028208 0.0891472 0.0836611 0.2002240 0.0273872 0.1018965 0.0230509 0.0261294 0.0261294 0.0261294 0.0251185 0.1484928 0.1389440 0.1750245 0.0987042 0.1745135 0.1745135 0.1752899 0.1722174 0.1768501 0.1768897 0.1768578 0.1765763 0.1776411 0.1800646 0.1789269 0.1786425 0.1835031 0.1820446 0.1807120 0.0045951 0.0096598 0.0369200 0.2074689 0.0056438 0.0056559 0.0042889 0.1105807 0.0085537 0.1209328 0.0193268 0.1041941 0.1041941 0.1185744 0.6772659 0.1084795 0.1083067 0.1083067 0.1140655 0.0385572 0.1158951 0.0387839 0.6820211 0.0434913 0.0382404 0.0362820 0.1160254 0.1162042 0.1162042 
Porites_lutea              0.1070671 0.1307765 0.1395000 0.0460539 0.1413996 0.0447906 0.1413795 0.0462306 0.0000000 0.0019456 0.0022740 0.0021119 0.1430357 0.0022729 0.0092527 0.0099327 0.0100288 0.1426431 0.1426431 0.1423762 0.1425090 0.1431701 0.1426431 0.1431836 0.1423762 0.1427832 0.1433919 0.1428818 0.1433046 0.1438884 0.1427128 0.1430632 0.1433052 0.0151263 0.1435089 0.1441754 0.1435158 0.1463221 0.1477232 0.1634249 0.1621971 0.1635652 0.1614976 9.0000000 9.0000000 0.1335891 0.1317514 0.1317514 0.1362901 0.1339728 0.1286662 0.0160798 0.0149197 0.0136882 0.0067559 0.7126960 0.0114158 0.7155341 0.0046019 0.0164722 0.7086527 0.0627781 0.6920040 0.1809050 0.6928003 9.0000000 9.0000000 0.1143327 0.1954348 0.2022795 0.1885815 0.0059434 0.1897195 0.0721777 0.0867165 0.0718066 0.0868989 0.0732133 0.0882543 0.0905889 0.0905007 0.0090940 0.0959423 0.1626516 0.1850813 0.0932257 0.0877529 0.1866863 0.0044928 0.0995041 0.0018329 0.0046155 0.0064853 0.0046155 0.0036864 0.1397948 0.1328177 0.1572129 9.0000000 0.1570327 0.1570327 0.1576918 0.1548509 0.1592493 0.1634712 0.1592564 0.1590081 0.1599311 0.1622160 0.1567950 0.1609870 0.1653702 0.1599249 0.1629694 0.0410836 9.0000000 9.0000000 0.1857769 9.0000000 9.0000000 9.0000000 9.0000000 9.0000000 9.0000000 0.0078726 9.0000000 9.0000000 9.0000000 0.6995451 9.0000000 9.0000000 9.0000000 9.0000000 9.0000000 9.0000000 9.0000000 0.7073674 9.0000000 9.0000000 9.0000000 9.0000000 9.0000000 9.0000000 
Porites_harrisoni          0.1098424 0.1280937 0.1396460 0.0474651 0.1409992 0.0465238 0.1403344 0.0487075 0.0019456 0.0000000 0.0036533 0.0030117 0.1429922 0.0037199 0.0110120 0.0118646 0.0116604 0.1426269 0.1426269 0.1423785 0.1425021 0.1431171 0.1425033 0.1432553 0.1423785 0.1427572 0.1433235 0.1430852 0.1432423 0.1437853 0.1426918 0.1430178 0.1432428 0.0162632 0.1434324 0.1431359 0.1422342 0.1460478 0.1453868 0.1602869 0.1597167 0.1601873 0.1583978 9.0000000 0.0345388 0.1356944 0.1338543 0.1338543 0.1384303 0.1362246 0.1300951 0.0160798 0.0149197 0.0136882 0.0067559 0.6811212 0.0114158 0.6816835 0.0046019 0.0164722 0.6750491 0.0627781 0.6577545 0.1844039 0.6584536 0.0360138 0.0395789 0.1159471 0.1990840 0.2059607 0.1921415 0.0059434 0.1932757 0.0721777 0.0867165 0.0718066 0.0868989 0.0732133 0.0882543 0.0905889 0.0905007 0.0090940 0.0959423 0.1665383 0.1890029 0.0932257 0.0877529 0.1906496 0.0044928 0.0995041 0.0018329 0.0046155 0.0064853 0.0046155 0.0036864 0.1440125 0.1370123 0.1616674 0.1012814 0.1614830 0.1614830 0.1621679 0.1592825 0.1637195 0.1679740 0.1637267 0.1634712 0.1644251 0.1667339 0.1612382 0.1654628 0.1699435 0.1644184 0.1674579 0.0381287 0.0350022 0.0027560 0.1857769 0.0348874 0.0349669 0.0354966 0.1191400 0.0380646 0.1281755 0.0078726 0.1155224 0.1155224 0.1257584 0.6600488 0.1199688 0.1197740 0.1197740 0.1241256 0.0015012 0.1255150 0.0185497 0.6750702 0.0256969 0.0031150 0.0015454 0.1264944 0.1268184 0.1268184 
Porites_lobata             0.1097393 0.1286883 0.1400353 0.0474111 0.1411421 0.0465510 0.1407248 0.0488892 0.0022740 0.0036533 0.0000000 0.0031796 0.1426474 0.0006049 0.0110221 0.0118047 0.0117409 0.1422822 0.1422822 0.1420337 0.1421573 0.1430229 0.1421585 0.1429102 0.1420337 0.1422484 0.1429785 0.1427404 0.1428973 0.1436773 0.1425831 0.1429093 0.1431346 0.0164146 0.1430875 0.1430419 0.1421394 0.1457021 0.1460945 0.1606000 0.1599783 0.1605004 0.1591775 9.0000000 0.0325045 0.1326956 0.1308572 0.1308572 0.1353844 0.1341982 0.1260879 0.0149127 0.0161040 0.0148628 0.0078996 0.6827242 0.0125862 0.6832880 0.0034470 0.0176897 0.6768440 0.0641788 0.6594558 0.1811180 0.6601557 0.0346432 0.0381923 0.1145082 0.1956682 0.2025200 0.1888042 0.0047485 0.1899428 0.0736362 0.0882543 0.0733107 0.0884402 0.0747222 0.0897984 0.0921562 0.0920657 0.0077837 0.0975170 0.1628715 0.1853235 0.0948432 0.0893602 0.1869324 0.0072394 0.1011437 0.0046155 0.0018347 0.0036828 0.0018347 0.0064980 0.1439913 0.1369930 0.1574587 0.1057366 0.1572781 0.1572781 0.1579393 0.1592564 0.1594983 0.1637267 0.1595054 0.1592564 0.1601822 0.1624710 0.1570397 0.1612382 0.1656318 0.1601759 0.1632235 0.0381009 0.0380894 0.0027558 0.1857426 0.0348865 0.0349661 0.0354958 0.1259415 0.0380639 0.1325871 0.0062872 0.1197740 0.1197740 0.1255447 0.6621287 0.1242631 0.1240607 0.1240607 0.1276982 0.0045257 0.1297473 0.0217467 0.6757831 0.0290527 0.0000010 0.0015452 0.1311064 0.1317657 0.1317657 
Porites_rus                0.1073987 0.1310285 0.1401366 0.0473001 0.1417874 0.0459241 0.1417676 0.0473713 0.0021119 0.0030117 0.0031796 0.0000000 0.1434204 0.0031780 0.0101068 0.0107904 0.0108879 0.1430270 0.1430270 0.1427596 0.1428926 0.1435554 0.1430270 0.1435689 0.1427596 0.1431676 0.1437774 0.1435206 0.1436901 0.1442749 0.1430969 0.1434481 0.1436904 0.0158340 0.1438946 0.1445614 0.1439009 0.1467139 0.1479569 0.1646963 0.1628306 0.1644669 0.1621310 9.0000000 9.0000000 0.1323783 0.1305445 0.1305445 0.1350555 0.1326766 0.1256995 0.0172668 0.0161032 0.0148620 0.0078991 0.7132164 0.0125855 0.7160325 0.0057652 0.0176889 0.7096050 0.0641804 0.6940761 0.1826489 0.6948744 9.0000000 9.0000000 0.1143327 0.1972537 0.2041144 0.1903559 0.0071486 0.1914920 0.0736392 0.0882597 0.0733137 0.0884455 0.0747254 0.0898040 0.0921623 0.0920718 0.0104196 0.0975241 0.1645881 0.1850813 0.0948500 0.0893660 0.1866863 0.0063244 0.1011518 0.0036864 0.0064980 0.0083867 0.0064980 0.0018324 0.1397948 0.1328177 0.1572129 9.0000000 0.1570327 0.1570327 0.1576918 0.1548509 0.1592493 0.1634712 0.1592564 0.1590081 0.1599311 0.1622160 0.1567950 0.1609870 0.1653702 0.1599249 0.1629694 0.0438453 9.0000000 9.0000000 0.1857769 9.0000000 9.0000000 9.0000000 9.0000000 9.0000000 9.0000000 0.0094763 9.0000000 9.0000000 9.0000000 0.7005915 9.0000000 9.0000000 9.0000000 9.0000000 9.0000000 9.0000000 9.0000000 0.7092554 9.0000000 9.0000000 9.0000000 9.0000000 9.0000000 9.0000000 
Acropora_carduus           0.1089637 0.0510957 0.0541477 0.1448125 0.0533031 0.1427806 0.0518896 0.1434864 0.1430357 0.1429922 0.1426474 0.1434204 0.0000000 0.1429004 0.1432814 0.1431113 0.1444025 0.0028676 0.0028676 0.0028675 0.0027918 0.0023349 0.0029434 0.0027888 0.0027159 0.0021080 0.0035532 0.0023343 0.0026373 0.0030938 0.0024852 0.0025619 0.0027130 0.1462254 0.0035527 0.0152705 0.0151136 0.0057161 0.1191580 0.1272308 0.1235282 0.1271023 0.1246167 9.0000000 0.1137497 0.0401102 0.0409791 0.0409791 0.0437496 0.0375945 0.0398897 0.0682116 0.0645681 0.0653464 0.0707067 0.6900670 0.0713177 0.6902864 0.0716960 0.0702821 0.6815934 0.0210107 0.6654585 0.0166549 0.6656444 0.1239722 0.1180353 0.1249891 0.0018987 0.0096486 0.0556051 0.0724678 0.0566528 0.0033482 0.0712757 0.0034515 0.0696189 0.0034447 0.0698928 0.0720722 0.0701833 0.0729375 0.0858343 0.0538737 0.0052594 0.0741178 0.0701763 0.0000010 0.0907035 0.0890069 0.0855718 0.0896160 0.0896160 0.0896160 0.0869853 0.1165604 0.1233228 0.0064536 0.0699811 0.0012773 0.0012773 0.0038559 0.0025584 0.0025611 0.0051433 0.0025613 0.0025584 0.0025682 0.0038610 0.0038476 0.0038433 0.0051778 0.0025685 0.0051321 0.1546762 0.1260733 0.1310984 0.1693897 0.1200984 0.1204105 0.1183505 0.0507767 0.1180986 0.0000010 0.0757424 0.0488887 0.0524818 0.0044781 0.6673821 0.0524788 0.0488888 0.0524034 0.0844053 0.1285658 0.0940156 0.1311755 0.6867361 0.1356747 0.1341206 0.1333712 0.0807636 0.0000010 0.0000010 
Porites_okinawensis        0.1100495 0.1289442 0.1401742 0.0474709 0.1412813 0.0466110 0.1408639 0.0489487 0.0022729 0.0037199 0.0006049 0.0031780 0.1429004 0.0000000 0.0110879 0.0118704 0.0118067 0.1425348 0.1425348 0.1422862 0.1424099 0.1432763 0.1424111 0.1431636 0.1422862 0.1426652 0.1432319 0.1429935 0.1431506 0.1439311 0.1428360 0.1431625 0.1433879 0.0164795 0.1433409 0.1432947 0.1423918 0.1459581 0.1462043 0.1610467 0.1604234 0.1609471 0.1596222 9.0000000 0.0329784 0.1337994 0.1319590 0.1319590 0.1365074 0.1353820 0.1275063 0.0149127 0.0161040 0.0148628 0.0078996 0.6833600 0.0125862 0.6839249 0.0034470 0.0176897 0.6774749 0.0641788 0.6600675 0.1835216 0.6607683 0.0346439 0.0381929 0.1145082 0.1982309 0.2051314 0.1912784 0.0047485 0.1924186 0.0736362 0.0882543 0.0733107 0.0884402 0.0747222 0.0897984 0.0921562 0.0920657 0.0077837 0.0975170 0.1654683 0.1880360 0.0948432 0.0893602 0.1896805 0.0072394 0.1011437 0.0046155 0.0018347 0.0036828 0.0018347 0.0064980 0.1439913 0.1369930 0.1574587 0.1057240 0.1572781 0.1572781 0.1579393 0.1592564 0.1594983 0.1637267 0.1595054 0.1592564 0.1601822 0.1624710 0.1570397 0.1612382 0.1656318 0.1601759 0.1632235 0.0381012 0.0380900 0.0027560 0.1857426 0.0348874 0.0349669 0.0354966 0.1259243 0.0380646 0.1325670 0.0062872 0.1197581 0.1197581 0.1301233 0.6622027 0.1242458 0.1240435 0.1240435 0.1276805 0.0045261 0.1297288 0.0217478 0.6764257 0.0290538 0.0031150 0.0015454 0.1310858 0.1317434 0.1317434 
Porites_panamensis         0.1032798 0.1289330 0.1393278 0.0477395 0.1410178 0.0445466 0.1403862 0.0493120 0.0092527 0.0110120 0.0110221 0.0101068 0.1432814 0.0110879 0.0000000 0.0036481 0.0014905 0.1429352 0.1429352 0.1426874 0.1428106 0.1436606 0.1428119 0.1437984 0.1426874 0.1430654 0.1436304 0.1435047 0.1437854 0.1440912 0.1429999 0.1433253 0.1435498 0.0145586 0.1437390 0.1431344 0.1422359 0.1463491 0.1465306 0.1567956 0.1557619 0.1574161 0.1548202 0.0562651 0.0393616 0.1331375 0.1312927 0.1312927 0.1358424 0.1345601 0.1258460 0.0172676 0.0161040 0.0125318 0.0078996 0.6717859 0.0102614 0.6723374 0.0057656 0.0152762 0.6667126 0.0614494 0.6486156 0.1754364 0.6493077 0.0346058 0.0381506 0.1101516 0.1863616 0.1931144 0.1829999 0.0071490 0.1841410 0.0708028 0.0852800 0.0703885 0.0854594 0.0717920 0.0868134 0.0891285 0.0890423 0.0104203 0.0944795 0.1566313 0.1753615 0.0917208 0.0862526 0.1804847 0.0063126 0.0979842 0.0027544 0.0055488 0.0074254 0.0055488 0.0046165 0.1351173 0.1362759 0.1484224 0.1012963 0.1482511 0.1482511 0.1488591 0.1461095 0.1504248 0.1545755 0.1504317 0.1501980 0.1510595 0.1532937 0.1523852 0.1521486 0.1563351 0.1551934 0.1541028 0.0398915 0.0365182 0.0183473 0.1891267 0.0381904 0.0382781 0.0388619 0.1200637 0.0381551 0.1302088 0.0094770 0.1137730 0.1137730 0.1277817 0.6104624 0.1182097 0.1180176 0.1180176 0.1167452 0.0184918 0.1186012 0.0014951 0.6689061 0.0077636 0.0208055 0.0190548 0.1189663 0.1290993 0.1290993 
Porites_porites            0.1053298 0.1284273 0.1390903 0.0486104 0.1407895 0.0470148 0.1401227 0.0503544 0.0099327 0.0118646 0.0118047 0.0107904 0.1431113 0.0118704 0.0036481 0.0000000 0.0040022 0.1427627 0.1427627 0.1425133 0.1426374 0.1434928 0.1426386 0.1436316 0.1425133 0.1428937 0.1434625 0.1432231 0.1436185 0.1439263 0.1428279 0.1431554 0.1433814 0.0152763 0.1435718 0.1433734 0.1424677 0.1461990 0.1450728 0.1596707 0.1586353 0.1600900 0.1574746 0.0696849 0.0409307 0.1342359 0.1323895 0.1323895 0.1369597 0.1357371 0.1272489 0.0197061 0.0209228 0.0149134 0.0125407 0.6754848 0.0056405 0.6760410 0.0092947 0.0165181 0.6698413 0.0644607 0.6512323 0.1762142 0.6519266 0.0360876 0.0396595 0.1069226 0.1872117 0.1939984 0.1838203 0.0108064 0.1849649 0.0739779 0.0886948 0.0736614 0.0888826 0.0750815 0.0902492 0.0926272 0.0925355 0.0158176 0.0980210 0.1574131 0.1762271 0.0953453 0.0880876 0.1813862 0.0090727 0.1016906 0.0046099 0.0074294 0.0093224 0.0074294 0.0064901 0.1398207 0.1370363 0.1492733 0.1040869 0.1491002 0.1491002 0.1497162 0.1510595 0.1512888 0.1554669 0.1512957 0.1510595 0.1519312 0.1541814 0.1532616 0.1530224 0.1572491 0.1560923 0.1549890 0.0414992 0.0382145 0.0198766 0.1902677 0.0399756 0.0400679 0.0406831 0.1227634 0.0399378 0.1331284 0.0143627 0.1164934 0.1164934 0.1306707 0.6172148 0.1209796 0.1207817 0.1207817 0.1193826 0.0201636 0.1212923 0.0000010 0.6707102 0.0093777 0.0225571 0.0207818 0.1218968 0.1323697 0.1323697 
Porites_sverdrupi          0.1028001 0.1295170 0.1401128 0.0475287 0.1418107 0.0440599 0.1408643 0.0488292 0.0100288 0.0116604 0.0117409 0.0108879 0.1444025 0.0118067 0.0014905 0.0040022 0.0000000 0.1440547 0.1440547 0.1438061 0.1439297 0.1447840 0.1439310 0.1449223 0.1438061 0.1441862 0.1447535 0.1446265 0.1449092 0.1452165 0.1441199 0.1444471 0.1446722 0.0144174 0.1448623 0.1440031 0.1433515 0.1474859 0.1463075 0.1558745 0.1550467 0.1564930 0.1539042 0.0550910 0.0398492 0.1320321 0.1301892 0.1301892 0.1347177 0.1333755 0.1244366 0.0184732 0.0173053 0.0137115 0.0079279 0.6734595 0.0114351 0.6740131 0.0069390 0.0165009 0.6670802 0.0629127 0.6498433 0.1786888 0.6505363 0.0347084 0.0382640 0.1101689 0.1897297 0.1965083 0.1863036 0.0083658 0.1874406 0.0723407 0.0869265 0.0719737 0.0871098 0.0733846 0.0884693 0.0908135 0.0907247 0.0117621 0.0961826 0.1602525 0.1789815 0.0934648 0.0879753 0.1841590 0.0072309 0.0997646 0.0036811 0.0064888 0.0083745 0.0064888 0.0055527 0.1390746 0.1363012 0.1525604 0.1012963 0.1523852 0.1523852 0.1530161 0.1502282 0.1545755 0.1587527 0.1545824 0.1543423 0.1552311 0.1574853 0.1565460 0.1563030 0.1605742 0.1593901 0.1582671 0.0406606 0.0365182 0.0183473 0.1891695 0.0381904 0.0382781 0.0388619 0.1200637 0.0381551 0.1302088 0.0111011 0.1137730 0.1137730 0.1277817 0.6120550 0.1182097 0.1180176 0.1180176 0.1167452 0.0184918 0.1186012 0.0014951 0.6698586 0.0077636 0.0208055 0.0190548 0.1189663 0.1290993 0.1290993 
Acropora_awi               0.1083088 0.0517983 0.0545333 0.1438120 0.0536801 0.1425068 0.0520868 0.1432128 0.1426431 0.1426269 0.1422822 0.1430270 0.0028676 0.1425348 0.1429352 0.1427627 0.1440547 0.0000000 0.0000010 0.0001497 0.0000741 0.0018808 0.0000741 0.0023338 0.0001497 0.0012017 0.0009750 0.0012764 0.0021826 0.0020316 0.0015029 0.0015027 0.0016533 0.1458545 0.0011252 0.0157731 0.0156158 0.0030986 0.1186568 0.1275705 0.1232432 0.1276602 0.1249440 9.0000000 0.1137497 0.0392948 0.0401591 0.0401591 0.0429170 0.0367364 0.0388158 0.0682116 0.0645681 0.0653464 0.0707067 0.6916132 0.0713177 0.6918325 0.0716960 0.0702821 0.6828705 0.0210107 0.6667246 0.0176699 0.6669106 0.1239722 0.1180353 0.1230991 0.0009483 0.0086739 0.0567905 0.0724678 0.0578395 0.0033482 0.0712757 0.0034515 0.0696189 0.0034447 0.0698928 0.0720722 0.0701833 0.0729375 0.0858343 0.0552583 0.0042023 0.0741178 0.0701763 0.0010446 0.0907035 0.0890069 0.0855718 0.0896160 0.0896160 0.0896160 0.0869853 0.1147623 0.1215158 0.0051553 0.0699811 0.0000010 0.0000010 0.0025667 0.0012773 0.0012787 0.0038518 0.0012787 0.0012773 0.0012822 0.0025701 0.0025613 0.0025584 0.0038768 0.0038629 0.0038433 0.1549912 0.1260733 0.1310984 0.1716218 0.1200984 0.1204105 0.1183505 0.0507767 0.1180986 0.0000010 0.0757424 0.0488887 0.0524818 0.0044781 0.6660915 0.0524788 0.0488888 0.0524034 0.0844053 0.1285658 0.0940156 0.1311755 0.6882998 0.1356747 0.1341206 0.1333712 0.0807636 0.0000010 0.0000010 
Acropora_intermedia        0.1083088 0.0517983 0.0545333 0.1438120 0.0536801 0.1425068 0.0520868 0.1432128 0.1426431 0.1426269 0.1422822 0.1430270 0.0028676 0.1425348 0.1429352 0.1427627 0.1440547 0.0000010 0.0000000 0.0001497 0.0000741 0.0018808 0.0000741 0.0023338 0.0001497 0.0012017 0.0009750 0.0012764 0.0021826 0.0020316 0.0015029 0.0015027 0.0016533 0.1458545 0.0011252 0.0157731 0.0156158 0.0030986 0.1186568 0.1275705 0.1232432 0.1276602 0.1249440 9.0000000 0.1137497 0.0392948 0.0401591 0.0401591 0.0429170 0.0367364 0.0388158 0.0682116 0.0645681 0.0653464 0.0707067 0.6916132 0.0713177 0.6918325 0.0716960 0.0702821 0.6828705 0.0210107 0.6667246 0.0176699 0.6669106 0.1239722 0.1180353 0.1230991 0.0009483 0.0086739 0.0567905 0.0724678 0.0578395 0.0033482 0.0712757 0.0034515 0.0696189 0.0034447 0.0698928 0.0720722 0.0701833 0.0729375 0.0858343 0.0552583 0.0042023 0.0741178 0.0701763 0.0010446 0.0907035 0.0890069 0.0855718 0.0896160 0.0896160 0.0896160 0.0869853 0.1147623 0.1215158 0.0051553 0.0699811 0.0000010 0.0000010 0.0025667 0.0012773 0.0012787 0.0038518 0.0012787 0.0012773 0.0012822 0.0025701 0.0025613 0.0025584 0.0038768 0.0038629 0.0038433 0.1549912 0.1260733 0.1310984 0.1716218 0.1200984 0.1204105 0.1183505 0.0507767 0.1180986 0.0000010 0.0757424 0.0488887 0.0524818 0.0044781 0.6660915 0.0524788 0.0488888 0.0524034 0.0844053 0.1285658 0.0940156 0.1311755 0.6882998 0.1356747 0.1341206 0.1333712 0.0807636 0.0000010 0.0000010 
Acropora_hyacinthus        0.1082998 0.0517944 0.0545292 0.1435628 0.0536761 0.1422580 0.0520830 0.1429637 0.1423762 0.1423785 0.1420337 0.1427596 0.0028675 0.1422862 0.1426874 0.1425133 0.1438061 0.0001497 0.0001497 0.0000000 0.0000741 0.0018806 0.0002246 0.0023337 0.0001497 0.0012016 0.0009750 0.0012764 0.0021825 0.0020314 0.0015028 0.0015026 0.0016531 0.1456035 0.0011251 0.0157721 0.0156148 0.0030984 0.1186468 0.1275596 0.1232327 0.1276492 0.1249333 9.0000000 0.1137497 0.0392948 0.0401591 0.0401591 0.0429170 0.0367364 0.0388158 0.0682116 0.0645681 0.0653464 0.0707067 0.6919334 0.0713177 0.6921527 0.0716960 0.0702821 0.6831891 0.0210107 0.6670402 0.0186724 0.6672263 0.1239722 0.1180353 0.1230991 0.0018987 0.0096486 0.0579264 0.0724678 0.0589758 0.0033482 0.0712757 0.0034515 0.0696189 0.0034447 0.0698928 0.0720722 0.0701833 0.0729375 0.0858343 0.0565873 0.0052594 0.0741178 0.0701763 0.0020906 0.0907035 0.0890069 0.0855718 0.0896160 0.0896160 0.0896160 0.0869853 0.1147623 0.1215158 0.0051553 0.0699811 0.0000010 0.0000010 0.0025667 0.0012773 0.0012787 0.0038518 0.0012787 0.0012773 0.0012822 0.0025701 0.0025613 0.0025584 0.0038768 0.0038629 0.0038433 0.1549912 0.1260733 0.1310984 0.1716218 0.1200984 0.1204105 0.1183505 0.0507767 0.1180986 0.0000010 0.0757424 0.0488887 0.0524818 0.0044781 0.6657416 0.0524788 0.0488888 0.0524034 0.0844053 0.1285658 0.0940156 0.1311755 0.6886246 0.1356747 0.1341206 0.1333712 0.0807636 0.0000010 0.0000010 
Acropora_cytherea          0.1081970 0.0517052 0.0544401 0.1436868 0.0535872 0.1423817 0.0519945 0.1430876 0.1425090 0.1425021 0.1421573 0.1428926 0.0027918 0.1424099 0.1428106 0.1426374 0.1439297 0.0000741 0.0000741 0.0000741 0.0000000 0.0018053 0.0001497 0.0022582 0.0000741 0.0011264 0.0008999 0.0012012 0.0021070 0.0019560 0.0014275 0.0014273 0.0015779 0.1457283 0.0010500 0.0156930 0.0155358 0.0030226 0.1185412 0.1274512 0.1231256 0.1275407 0.1248258 9.0000000 0.1137497 0.0392948 0.0401591 0.0401591 0.0429170 0.0367364 0.0388158 0.0682116 0.0645681 0.0653464 0.0707067 0.6916346 0.0713177 0.6918540 0.0716960 0.0702821 0.6828917 0.0210107 0.6667453 0.0176699 0.6669314 0.1239722 0.1180353 0.1230991 0.0009483 0.0086739 0.0567905 0.0724678 0.0578395 0.0033482 0.0712757 0.0034515 0.0696189 0.0034447 0.0698928 0.0720722 0.0701833 0.0729375 0.0858343 0.0552583 0.0042023 0.0741178 0.0701763 0.0010446 0.0907035 0.0890069 0.0855718 0.0896160 0.0896160 0.0896160 0.0869853 0.1147623 0.1215158 0.0051553 0.0699811 0.0000010 0.0000010 0.0025667 0.0012773 0.0012787 0.0038518 0.0012787 0.0012773 0.0012822 0.0025701 0.0025613 0.0025584 0.0038768 0.0038629 0.0038433 0.1549912 0.1260733 0.1310984 0.1716218 0.1200984 0.1204105 0.1183505 0.0507767 0.1180986 0.0000010 0.0757424 0.0488887 0.0524818 0.0044781 0.6660915 0.0524788 0.0488888 0.0524034 0.0844053 0.1285658 0.0940156 0.1311755 0.6883215 0.1356747 0.1341206 0.1333712 0.0807636 0.0000010 0.0000010 
Acropora_austera           0.1087418 0.0505267 0.0535524 0.1442045 0.0527102 0.1426245 0.0511168 0.1433311 0.1431701 0.1431171 0.1430229 0.1435554 0.0023349 0.1432763 0.1436606 0.1434928 0.1447840 0.0018808 0.0018808 0.0018806 0.0018053 0.0000000 0.0019562 0.0008998 0.0017298 0.0012765 0.0025624 0.0013512 0.0007496 0.0021063 0.0015776 0.0015774 0.0017280 0.1463548 0.0027135 0.0147162 0.0145596 0.0047102 0.1177396 0.1268021 0.1230503 0.1265802 0.1241378 9.0000000 0.1137497 0.0400828 0.0409499 0.0409499 0.0437191 0.0367364 0.0388158 0.0682116 0.0645681 0.0653464 0.0707067 0.6909338 0.0713177 0.6911532 0.0716960 0.0702821 0.6821928 0.0210107 0.6660499 0.0156577 0.6662358 0.1239722 0.1180353 0.1191469 0.0028559 0.0067254 0.0567877 0.0724678 0.0578366 0.0033482 0.0712757 0.0034515 0.0696189 0.0034447 0.0698928 0.0720722 0.0701833 0.0729375 0.0858343 0.0552552 0.0042024 0.0741178 0.0701763 0.0031463 0.0907035 0.0890069 0.0855718 0.0896160 0.0896160 0.0896160 0.0869853 0.1110126 0.1216907 0.0025671 0.0699811 0.0025641 0.0025641 0.0051602 0.0038519 0.0038560 0.0064530 0.0038562 0.0038519 0.0038667 0.0051672 0.0051492 0.0051435 0.0064968 0.0064727 0.0064389 0.1549912 0.1260733 0.1310984 0.1673553 0.1200984 0.1204105 0.1183505 0.0507767 0.1180986 0.0000010 0.0757424 0.0488887 0.0524818 0.0044781 0.6682401 0.0524788 0.0488888 0.0524034 0.0844053 0.1285658 0.0940156 0.1311755 0.6879836 0.1356747 0.1341206 0.1333712 0.0807636 0.0000010 0.0000010 
Acropora_digitifera        0.1084117 0.0517052 0.0544402 0.1436880 0.0535873 0.1423830 0.0519945 0.1430889 0.1426431 0.1425033 0.1421585 0.1430270 0.0029434 0.1424111 0.1428119 0.1426386 0.1439310 0.0000741 0.0000741 0.0002246 0.0001497 0.0019562 0.0000000 0.0024093 0.0002246 0.0012769 0.0010501 0.0013516 0.0022581 0.0021070 0.0015781 0.0015780 0.0017285 0.1457296 0.0012003 0.0158522 0.0156949 0.0031745 0.1185420 0.1274521 0.1231264 0.1275417 0.1248267 9.0000000 0.1153734 0.0392948 0.0401591 0.0401591 0.0429170 0.0367364 0.0388158 0.0682116 0.0645681 0.0653464 0.0707067 0.6912448 0.0713177 0.6914641 0.0716960 0.0702821 0.6825041 0.0210107 0.6670194 0.0176699 0.6672055 0.1222821 0.1163794 0.1230991 0.0009483 0.0086739 0.0567905 0.0724678 0.0578395 0.0033482 0.0712757 0.0034515 0.0696189 0.0034447 0.0698928 0.0720722 0.0701833 0.0729375 0.0858343 0.0552583 0.0042023 0.0741178 0.0701763 0.0010446 0.0907035 0.0890069 0.0855718 0.0896160 0.0896160 0.0896160 0.0869853 0.1147623 0.1215158 0.0051553 0.0719532 0.0000010 0.0000010 0.0025667 0.0012773 0.0012787 0.0038518 0.0012787 0.0012773 0.0012822 0.0025701 0.0025613 0.0025584 0.0038768 0.0038629 0.0038433 0.1538817 0.1239932 0.1289814 0.1716218 0.1179816 0.1182876 0.1162049 0.0490391 0.1159934 0.0014820 0.0757424 0.0471099 0.0506815 0.0059814 0.6660064 0.0506786 0.0471099 0.0506061 0.0824627 0.1262795 0.0919892 0.1288695 0.6879261 0.1332808 0.1317214 0.1309870 0.0786627 0.0016622 0.0016622 
Acropora_tenuis            0.1084027 0.0509819 0.0539101 0.1444782 0.0531517 0.1429994 0.0515564 0.1437063 0.1431836 0.1432553 0.1429102 0.1435689 0.0027888 0.1431636 0.1437984 0.1436316 0.1449223 0.0023338 0.0023338 0.0023337 0.0022582 0.0008998 0.0024093 0.0000000 0.0021826 0.0017282 0.0028653 0.0018029 0.0001498 0.0025595 0.0020298 0.0020296 0.0021803 0.1464943 0.0030164 0.0151965 0.0150397 0.0051699 0.1181201 0.1265555 0.1228070 0.1263337 0.1238940 9.0000000 0.1155287 0.0400828 0.0409499 0.0409499 0.0437191 0.0367364 0.0388158 0.0682116 0.0645681 0.0653464 0.0707067 0.6904232 0.0713177 0.6906426 0.0716960 0.0702821 0.6816860 0.0210107 0.6655502 0.0176855 0.6657361 0.1256869 0.1197141 0.1211922 0.0047787 0.0047922 0.0591715 0.0724678 0.0602229 0.0033482 0.0712757 0.0034515 0.0696189 0.0034447 0.0698928 0.0720722 0.0701833 0.0729375 0.0858343 0.0566458 0.0063310 0.0741178 0.0701763 0.0052667 0.0907035 0.0890069 0.0855718 0.0896160 0.0896160 0.0896160 0.0869853 0.1129502 0.1236632 0.0038608 0.0720750 0.0038563 0.0038563 0.0064683 0.0051494 0.0051549 0.0077651 0.0051551 0.0051494 0.0051692 0.0064772 0.0064535 0.0064462 0.0078172 0.0077880 0.0077469 0.1551145 0.1281864 0.1332502 0.1695809 0.1222476 0.1225661 0.1205287 0.0525277 0.1202353 0.0014840 0.0757424 0.0506812 0.0542966 0.0059893 0.6660892 0.0542935 0.0506815 0.0542152 0.0863695 0.1308901 0.0960669 0.1335207 0.6877688 0.1381109 0.1365618 0.1357971 0.0828881 0.0016647 0.0016647 
Acropora_acuminata         0.1082998 0.0516121 0.0543471 0.1435628 0.0534945 0.1422580 0.0519022 0.1429637 0.1423762 0.1423785 0.1420337 0.1427596 0.0027159 0.1422862 0.1426874 0.1425133 0.1438061 0.0001497 0.0001497 0.0001497 0.0000741 0.0017298 0.0002246 0.0021826 0.0000000 0.0010511 0.0008248 0.0011259 0.0020315 0.0018805 0.0013522 0.0013520 0.0015025 0.1456035 0.0009749 0.0156129 0.0154556 0.0029466 0.1184264 0.1273329 0.1230088 0.1274223 0.1247086 9.0000000 0.1137497 0.0392948 0.0401591 0.0401591 0.0429170 0.0367364 0.0388158 0.0682116 0.0645681 0.0653464 0.0707067 0.6916336 0.0713177 0.6918529 0.0716960 0.0702821 0.6828909 0.0210107 0.6667449 0.0176699 0.6669309 0.1239722 0.1180353 0.1230991 0.0009483 0.0086739 0.0567905 0.0724678 0.0578395 0.0033482 0.0712757 0.0034515 0.0696189 0.0034447 0.0698928 0.0720722 0.0701833 0.0729375 0.0858343 0.0552583 0.0042023 0.0741178 0.0701763 0.0010446 0.0907035 0.0890069 0.0855718 0.0896160 0.0896160 0.0896160 0.0869853 0.1147623 0.1215158 0.0051553 0.0699811 0.0000010 0.0000010 0.0025667 0.0012773 0.0012787 0.0038518 0.0012787 0.0012773 0.0012822 0.0025701 0.0025613 0.0025584 0.0038768 0.0038629 0.0038433 0.1549912 0.1260733 0.1310984 0.1716218 0.1200984 0.1204105 0.1183505 0.0507767 0.1180986 0.0000010 0.0757424 0.0488887 0.0524818 0.0044781 0.6660911 0.0524788 0.0488888 0.0524034 0.0844053 0.1285658 0.0940156 0.1311755 0.6883215 0.1356747 0.1341206 0.1333712 0.0807636 0.0000010 0.0000010 
Acropora_robusta           0.1085296 0.0508188 0.0539345 0.1439285 0.0529931 0.1421344 0.0514950 0.1428399 0.1427832 0.1427572 0.1422484 0.1431676 0.0021080 0.1426652 0.1430654 0.1428937 0.1441862 0.0012017 0.0012017 0.0012016 0.0011264 0.0012765 0.0012769 0.0017282 0.0010511 0.0000000 0.0018810 0.0006745 0.0015775 0.0014269 0.0009000 0.0008999 0.0010500 0.1459888 0.0020317 0.0151210 0.0149641 0.0040196 0.1188998 0.1269744 0.1227977 0.1268459 0.1240199 9.0000000 0.1137497 0.0400828 0.0409499 0.0409499 0.0437191 0.0375673 0.0398537 0.0680161 0.0646494 0.0652604 0.0707342 0.6918539 0.0713456 0.6920732 0.0717246 0.0701863 0.6831112 0.0209858 0.6669651 0.0176699 0.6671511 0.1239722 0.1180353 0.1230991 0.0009483 0.0086739 0.0567905 0.0724974 0.0578395 0.0033518 0.0711807 0.0034553 0.0695266 0.0034485 0.0697998 0.0719749 0.0700894 0.0729698 0.0857157 0.0552583 0.0042023 0.0740149 0.0700789 0.0010446 0.0907035 0.0888794 0.0855718 0.0896160 0.0896160 0.0896160 0.0869853 0.1147623 0.1215158 0.0051553 0.0699811 0.0000010 0.0000010 0.0025667 0.0012773 0.0012787 0.0038518 0.0012787 0.0012773 0.0012822 0.0025701 0.0025613 0.0025584 0.0038768 0.0038629 0.0038433 0.1549912 0.1260733 0.1310984 0.1716218 0.1200984 0.1204105 0.1183505 0.0507767 0.1180986 0.0000010 0.0757424 0.0488887 0.0524818 0.0044781 0.6648698 0.0524788 0.0488888 0.0524034 0.0844053 0.1285658 0.0940156 0.1311755 0.6881538 0.1356747 0.1341206 0.1333712 0.0807636 0.0000010 0.0000010 
Acropora_microphthalma     0.1085141 0.0525829 0.0552182 0.1442922 0.0545489 0.1429855 0.0529497 0.1436926 0.1433919 0.1433235 0.1429785 0.1437774 0.0035532 0.1432319 0.1436304 0.1434625 0.1447535 0.0009750 0.0009750 0.0009750 0.0008999 0.0025624 0.0010501 0.0028653 0.0008248 0.0018810 0.0000000 0.0019557 0.0027137 0.0016537 0.0021831 0.0021828 0.0023338 0.1465625 0.0002994 0.0163439 0.0158594 0.0037868 0.1192480 0.1273215 0.1232904 0.1274110 0.1249934 9.0000000 0.1137497 0.0401660 0.0410365 0.0410365 0.0438120 0.0376495 0.0388158 0.0682116 0.0645681 0.0653464 0.0707067 0.6934263 0.0713177 0.6936456 0.0716960 0.0702821 0.6846723 0.0210107 0.6685053 0.0176699 0.6686915 0.1239722 0.1180353 0.1230991 0.0009483 0.0086739 0.0567905 0.0724678 0.0578395 0.0033482 0.0712757 0.0034515 0.0696189 0.0034447 0.0698928 0.0720722 0.0701833 0.0729375 0.0858343 0.0552583 0.0042023 0.0741178 0.0701763 0.0010446 0.0907035 0.0890069 0.0855718 0.0896160 0.0896160 0.0896160 0.0869853 0.1147623 0.1215158 0.0051553 0.0699811 0.0000010 0.0000010 0.0025667 0.0012773 0.0012787 0.0038518 0.0012787 0.0012773 0.0012822 0.0025701 0.0025613 0.0025584 0.0038768 0.0038629 0.0038433 0.1539881 0.1260733 0.1310984 0.1716218 0.1200984 0.1204105 0.1183505 0.0507767 0.1180986 0.0000010 0.0757424 0.0488887 0.0524818 0.0044781 0.6667821 0.0524788 0.0488888 0.0524034 0.0844053 0.1285658 0.0940156 0.1311755 0.6894052 0.1356747 0.1341206 0.1333712 0.0807636 0.0000010 0.0000010 
