19
Siderastrea_siderea_KJ483007.1 0.0000000 0.0127515 0.0127515 0.0139223 0.0180555 0.0180555 0.0131717 0.0143699 0.0161905 0.0135116 0.0141293 0.0112081 0.0112081 0.0094815 0.0111167 0.0101591 0.0121865 0.0100621 0.0104499 
Porites_profundus_LT631018.1   0.0127515 0.0000000 0.0000010 0.0011150 0.0055969 0.0055969 0.0000010 0.0011753 0.0029415 0.0005980 0.0011964 0.0013024 0.0013024 0.0000010 0.0009972 0.0000010 0.0020041 0.0000010 0.0011503 
Porites_profundus_LT631017.1   0.0127515 0.0000010 0.0000000 0.0011150 0.0055969 0.0055969 0.0000010 0.0011753 0.0029415 0.0005980 0.0011964 0.0013024 0.0013024 0.0000010 0.0009972 0.0000010 0.0020041 0.0000010 0.0011503 
Porites_sp_LT631013.1          0.0139223 0.0011150 0.0011150 0.0000000 0.0067216 0.0067216 0.0011760 0.0023525 0.0041216 0.0017953 0.0023947 0.0026070 0.0026070 0.0018752 0.0029960 0.0020077 0.0040139 0.0022181 0.0034573 
Porites_fontanesii_LT631020.1  0.0180555 0.0055969 0.0055969 0.0067216 0.0000000 0.0000010 0.0059047 0.0070861 0.0088706 0.0066106 0.0072133 0.0026070 0.0026070 0.0018756 0.0029966 0.0020081 0.0040148 0.0022181 0.0034574 
Porites_fontanesii_LT631019.1  0.0180555 0.0055969 0.0055969 0.0067216 0.0000010 0.0000000 0.0059047 0.0070861 0.0088706 0.0066106 0.0072133 0.0026070 0.0026070 0.0018756 0.0029966 0.0020081 0.0040148 0.0022181 0.0034574 
Porites_cylindrica_KC816690.1  0.0131717 0.0000010 0.0000010 0.0011760 0.0059047 0.0059047 0.0000000 0.0011760 0.0029431 0.0006030 0.0012065 0.0013032 0.0013032 0.0000010 0.0009981 0.0000010 0.0020059 0.0000010 0.0011503 
Porites_cylindrica_KC816689.1  0.0143699 0.0011753 0.0011753 0.0023525 0.0070861 0.0070861 0.0011760 0.0000000 0.0041205 0.0018094 0.0024118 0.0026070 0.0026070 0.0009360 0.0019955 0.0010029 0.0030076 0.0022181 0.0034562 
Porites_cylindrica_KC816688.1  0.0161905 0.0029415 0.0029415 0.0041216 0.0088706 0.0088706 0.0029431 0.0041205 0.0000000 0.0036224 0.0042271 0.0045688 0.0045688 0.0037561 0.0050012 0.0040217 0.0060305 0.0033323 0.0034602 
Porites_cylindrica_KC816698.1  0.0135116 0.0005980 0.0005980 0.0017953 0.0066106 0.0066106 0.0006030 0.0018094 0.0036224 0.0000000 0.0017953 0.0019544 0.0019544 0.0009360 0.0019955 0.0010029 0.0030077 0.0000010 0.0011503 
Porites_cylindrica_KC816699.1  0.0141293 0.0011964 0.0011964 0.0023947 0.0072133 0.0072133 0.0012065 0.0024118 0.0042271 0.0017953 0.0000000 0.0026070 0.0026070 0.0009360 0.0019955 0.0010029 0.0030076 0.0011082 0.0023024 
Porites_panamensis_MH845722.1  0.0112081 0.0013024 0.0013024 0.0026070 0.0026070 0.0026070 0.0013032 0.0026070 0.0045688 0.0019544 0.0026070 0.0000000 0.0000010 0.0009449 0.0020152 0.0010128 0.0030374 0.0011650 0.0024077 
Porites_panamensis_MH845721.1  0.0112081 0.0013024 0.0013024 0.0026070 0.0026070 0.0026070 0.0013032 0.0026070 0.0045688 0.0019544 0.0026070 0.0000010 0.0000000 0.0009449 0.0020152 0.0010128 0.0030374 0.0011650 0.0024077 
Porites_cylindrica_KC816700.1  0.0094815 0.0000010 0.0000010 0.0018752 0.0018756 0.0018756 0.0000010 0.0009360 0.0037561 0.0009360 0.0009360 0.0009449 0.0009449 0.0000000 0.0009972 0.0000010 0.0020041 0.0000010 0.0028363 
Porites_cylindrica_KC816701.1  0.0111167 0.0009972 0.0009972 0.0029960 0.0029966 0.0029966 0.0009981 0.0019955 0.0050012 0.0019955 0.0019955 0.0020152 0.0020152 0.0009972 0.0000000 0.0010029 0.0030076 0.0000010 0.0000010 
Porites_cylindrica_KC816703.1  0.0101591 0.0000010 0.0000010 0.0020077 0.0020081 0.0020081 0.0000010 0.0010029 0.0040217 0.0010029 0.0010029 0.0010128 0.0010128 0.0000010 0.0010029 0.0000000 0.0020077 0.0000010 0.0000010 
Porites_cylindrica_KC816702.1  0.0121865 0.0020041 0.0020041 0.0040139 0.0040148 0.0040148 0.0020059 0.0030076 0.0060305 0.0030077 0.0030076 0.0030374 0.0030374 0.0020041 0.0030076 0.0020077 0.0000000 0.0032170 0.0035211 
Porites_cylindrica_KC816710.1  0.0100621 0.0000010 0.0000010 0.0022181 0.0022181 0.0022181 0.0000010 0.0022181 0.0033323 0.0000010 0.0011082 0.0011650 0.0011650 0.0000010 0.0000010 0.0000010 0.0032170 0.0000000 0.0011503 
Porites_cylindrica_KC816709.1  0.0104499 0.0011503 0.0011503 0.0034573 0.0034574 0.0034574 0.0011503 0.0034562 0.0034602 0.0011503 0.0023024 0.0024077 0.0024077 0.0028363 0.0000010 0.0000010 0.0035211 0.0011503 0.0000000 
