57
Siderastrea_siderea_AY451386.1 0.0000000 0.6062846 0.6062846 0.6062846 0.5749684 0.6205196 0.6366540 0.6366540 0.6355473 0.6074892 0.6074892 0.6366540 0.6074892 0.6373073 0.6084846 0.6062846 0.6042963 0.5103997 0.6134652 0.6134652 0.6114311 0.6114311 0.6257577 0.6257577 0.5950817 0.6420091 0.6420091 0.6094093 0.6408788 0.6348926 0.6336229 0.6513582 0.6797115 0.6504569 0.6630047 0.6166837 0.6483623 0.6642354 0.6639053 0.6630047 0.6651434 0.6314499 0.6483933 0.6371476 0.6328403 0.6514064 0.6663818 0.6670117 0.6483623 0.6373073 0.6710334 0.6533674 0.6350322 0.6537817 0.6672127 0.6803328 0.6465770 
ref_NC_037435.1_               0.6062846 0.0000000 0.0065669 0.0065669 0.0834043 0.0344507 0.0199039 0.0199039 0.0199012 0.0834169 0.0834169 0.0206582 0.0908929 0.0915043 0.0497325 0.0348839 0.0135273 0.1038319 0.0142255 0.0142255 0.0000010 0.0000010 0.0070205 0.0070205 0.0070293 0.0141262 0.0141262 0.0141262 0.0141786 0.0146454 0.0000010 0.0216431 0.0219182 0.0072343 0.0145211 0.0072343 0.0072250 0.0145388 0.0145381 0.0145211 0.0145401 0.0145401 0.0146518 0.0073815 0.0148330 0.0072457 0.0145578 0.0145644 0.0219507 0.0903151 0.0146284 0.0073837 0.0841185 0.1263107 0.0930292 0.0075468 0.0075570 
Porites_lutea_KU159432.1       0.6062846 0.0065669 0.0000000 0.0000010 0.0755044 0.0418357 0.0131183 0.0131183 0.0131167 0.0755156 0.0755156 0.0136095 0.0828485 0.0833914 0.0494124 0.0346678 0.0135273 0.0951179 0.0142255 0.0142255 0.0000010 0.0000010 0.0070205 0.0070205 0.0070293 0.0141262 0.0141262 0.0141262 0.0141786 0.0146454 0.0000010 0.0216431 0.0219182 0.0072343 0.0145211 0.0072343 0.0072250 0.0145388 0.0145381 0.0145211 0.0145401 0.0145401 0.0146518 0.0073815 0.0148330 0.0072457 0.0145578 0.0145644 0.0219507 0.0903151 0.0146284 0.0073837 0.0841185 0.1263107 0.0930292 0.0075468 0.0075570 
Porites_rus_LN864762.1         0.6062846 0.0065669 0.0000010 0.0000000 0.0755044 0.0418357 0.0131183 0.0131183 0.0131167 0.0755156 0.0755156 0.0136095 0.0828485 0.0833914 0.0494124 0.0346678 0.0135273 0.0951179 0.0142255 0.0142255 0.0000010 0.0000010 0.0070205 0.0070205 0.0070293 0.0141262 0.0141262 0.0141262 0.0141786 0.0146454 0.0000010 0.0216431 0.0219182 0.0072343 0.0145211 0.0072343 0.0072250 0.0145388 0.0145381 0.0145211 0.0145401 0.0145401 0.0146518 0.0073815 0.0148330 0.0072457 0.0145578 0.0145644 0.0219507 0.0903151 0.0146284 0.0073837 0.0841185 0.1263107 0.0930292 0.0075468 0.0075570 
ref_NC_037434.1_               0.5749684 0.0834043 0.0755044 0.0755044 0.0000000 0.1098118 0.0901718 0.0901718 0.0901502 0.0680953 0.0680953 0.0861264 0.0753286 0.0758125 0.1268403 0.1097705 0.0854785 0.0952172 0.0822650 0.0822650 0.0660281 0.0660281 0.0737256 0.0737256 0.0738292 0.0816135 0.0816135 0.0816135 0.0819230 0.0848205 0.0680381 0.0749570 0.0922410 0.0760911 0.0840026 0.0760911 0.0759808 0.0841092 0.0841046 0.0840026 0.0841260 0.0841260 0.0685111 0.0695788 0.0859669 0.0762110 0.0842330 0.0842753 0.0923939 0.0663835 0.0846588 0.0777355 0.0599481 0.1005426 0.0683383 0.0795560 0.0628707 
Porites_lutea_MN690335.1       0.6205196 0.0344507 0.0418357 0.0418357 0.1098118 0.0000000 0.0418428 0.0418428 0.0418357 0.1258341 0.1258341 0.0354022 0.1340408 0.1350684 0.0570966 0.0420474 0.0207630 0.1057690 0.0287690 0.0287690 0.0141262 0.0141262 0.0070214 0.0070214 0.0213187 0.0141281 0.0141281 0.0141281 0.0070473 0.0220791 0.0072250 0.0290034 0.0145231 0.0145401 0.0072166 0.0145401 0.0000010 0.0072253 0.0072250 0.0072166 0.0072259 0.0072259 0.0220891 0.0148372 0.0223634 0.0000010 0.0072346 0.0072379 0.0145444 0.0983371 0.0072695 0.0000010 0.0922315 0.1348889 0.1013070 0.0000010 0.0151923 
Porites_lobata_KU761954.1      0.6366540 0.0199039 0.0131183 0.0131183 0.0901718 0.0418428 0.0000000 0.0000010 0.0131183 0.0901854 0.0901854 0.0136112 0.0976767 0.0983387 0.0642313 0.0490562 0.0135290 0.0951427 0.0287690 0.0287690 0.0141262 0.0141262 0.0070214 0.0070214 0.0213187 0.0000010 0.0000010 0.0141281 0.0141805 0.0296279 0.0145401 0.0364868 0.0072154 0.0072238 0.0145231 0.0219472 0.0072259 0.0145408 0.0145401 0.0145231 0.0000010 0.0145421 0.0296418 0.0223983 0.0300120 0.0072467 0.0000010 0.0000010 0.0219540 0.1065973 0.0000010 0.0073847 0.1005763 0.1437827 0.1098382 0.0075479 0.0229384 
Porites_lobata_KU572435.1      0.6366540 0.0199039 0.0131183 0.0131183 0.0901718 0.0418428 0.0000010 0.0000000 0.0131183 0.0901854 0.0901854 0.0136112 0.0976767 0.0983387 0.0642313 0.0490562 0.0135290 0.0951427 0.0287690 0.0287690 0.0141262 0.0141262 0.0070214 0.0070214 0.0213187 0.0000010 0.0000010 0.0141281 0.0141805 0.0296279 0.0145401 0.0364868 0.0072154 0.0072238 0.0145231 0.0219472 0.0072259 0.0145408 0.0145401 0.0145231 0.0000010 0.0145421 0.0296418 0.0223983 0.0300120 0.0072467 0.0000010 0.0000010 0.0219540 0.1065973 0.0000010 0.0073847 0.1005763 0.1437827 0.1098382 0.0075479 0.0229384 
Porites_okinawensis_JF825142.1 0.6355473 0.0199012 0.0131167 0.0131167 0.0901502 0.0418357 0.0131183 0.0131183 0.0000000 0.0901637 0.0901637 0.0136095 0.0976521 0.0983136 0.0642179 0.0490472 0.0135273 0.0951179 0.0287644 0.0287644 0.0141242 0.0141242 0.0070205 0.0070205 0.0213156 0.0141262 0.0141262 0.0141262 0.0000010 0.0296230 0.0145381 0.0364806 0.0219182 0.0219439 0.0145211 0.0219439 0.0072250 0.0145388 0.0000010 0.0145211 0.0145401 0.0145401 0.0296370 0.0223948 0.0300069 0.0072457 0.0145578 0.0145644 0.0219507 0.1065664 0.0146284 0.0073837 0.1005477 0.1437290 0.1098049 0.0075468 0.0229347 
Porites_panamensis_KU761953.1  0.6074892 0.0834169 0.0755156 0.0755156 0.0680953 0.1258341 0.0901854 0.0901854 0.0901637 0.0000000 0.0000010 0.0937632 0.0064933 0.0065288 0.1349840 0.1176687 0.0931601 0.1030633 0.0983422 0.0983422 0.0816067 0.0816067 0.0894646 0.0894646 0.0895936 0.0975402 0.0975402 0.0975402 0.0979117 0.1014322 0.0841185 0.0910061 0.1088648 0.0923690 0.1004248 0.0923690 0.0922315 0.1005535 0.1005477 0.1004248 0.1005763 0.1005763 0.0847235 0.0943527 0.0944110 0.0925143 0.1007054 0.1007572 0.1090498 0.0070354 0.1012192 0.0943851 0.0000010 0.0368390 0.0072328 0.0966247 0.0795356 
Porites_sverdrupi_KU956960.1   0.6074892 0.0834169 0.0755156 0.0755156 0.0680953 0.1258341 0.0901854 0.0901854 0.0901637 0.0000010 0.0000000 0.0937632 0.0064933 0.0065288 0.1349840 0.1176687 0.0931601 0.1030633 0.0983422 0.0983422 0.0816067 0.0816067 0.0894646 0.0894646 0.0895936 0.0975402 0.0975402 0.0975402 0.0979117 0.1014322 0.0841185 0.0910061 0.1088648 0.0923690 0.1004248 0.0923690 0.0922315 0.1005535 0.1005477 0.1004248 0.1005763 0.1005763 0.0847235 0.0943527 0.0944110 0.0925143 0.1007054 0.1007572 0.1090498 0.0070354 0.1012192 0.0943851 0.0000010 0.0368390 0.0072328 0.0966247 0.0795356 
Porites_cf_MN602014.1          0.6366540 0.0206582 0.0136095 0.0136095 0.0861264 0.0354022 0.0136112 0.0136112 0.0136095 0.0937632 0.0937632 0.0000000 0.1015738 0.1022942 0.0576032 0.0424171 0.0140520 0.0951427 0.0287690 0.0287690 0.0141262 0.0141262 0.0070214 0.0070214 0.0213187 0.0141281 0.0141281 0.0141281 0.0141805 0.0296279 0.0145401 0.0364868 0.0219215 0.0219472 0.0145231 0.0219472 0.0072259 0.0145408 0.0145401 0.0145231 0.0145421 0.0145421 0.0296418 0.0223983 0.0300120 0.0072467 0.0145598 0.0145664 0.0219540 0.1065973 0.0146304 0.0073847 0.1005763 0.1437827 0.1098382 0.0075479 0.0229384 
Porites_panamensis_KJ546638.1  0.6074892 0.0908929 0.0828485 0.0828485 0.0753286 0.1340408 0.0976767 0.0976767 0.0976521 0.0064933 0.0064933 0.1015738 0.0000000 0.0131303 0.1433536 0.1257681 0.1009165 0.1110991 0.1065718 0.1065718 0.0895706 0.0895706 0.0975138 0.0975138 0.0976563 0.1056893 0.1056893 0.1056893 0.1060927 0.1099411 0.0923441 0.0992215 0.1173795 0.1006996 0.1088323 0.1006996 0.1005477 0.1089725 0.1089660 0.1088323 0.1089987 0.1089987 0.0930201 0.1028737 0.1029485 0.1008580 0.1091393 0.1091962 0.1175815 0.0141555 0.1096989 0.1029096 0.0071893 0.0444796 0.0145551 0.1053686 0.0880644 
Porites_porites_DQ643837.1     0.6373073 0.0915043 0.0833914 0.0833914 0.0758125 0.1350684 0.0983387 0.0983387 0.0983136 0.0065288 0.0065288 0.1022942 0.0131303 0.0000000 0.1444823 0.1267120 0.1016267 0.1119164 0.1073720 0.1073720 0.0902122 0.0902122 0.0982245 0.0982245 0.0983693 0.1064744 0.1064744 0.1064744 0.1068842 0.1107975 0.0930292 0.0999610 0.1182999 0.1014615 0.1096689 0.1014615 0.1013070 0.1098114 0.1098049 0.1096689 0.1098382 0.1098382 0.0937167 0.1036714 0.1037486 0.1016224 0.1099812 0.1100390 0.1185056 0.0000010 0.1105502 0.1037080 0.0072328 0.0447745 0.0000010 0.1062092 0.0887399 
Porites_monticulosa_MN690338.1 0.6084846 0.0497325 0.0494124 0.0494124 0.1268403 0.0570966 0.0642313 0.0642313 0.0642179 0.1349840 0.1349840 0.0576032 0.1433536 0.1444823 0.0000000 0.0137008 0.0428058 0.1477856 0.0070342 0.0070342 0.0214708 0.0214708 0.0287690 0.0287690 0.0288068 0.0361873 0.0361873 0.0361873 0.0288771 0.0000010 0.0146454 0.0367591 0.0372235 0.0221086 0.0295879 0.0221086 0.0220791 0.0296245 0.0296230 0.0295879 0.0296279 0.0296279 0.0298646 0.0074363 0.0000010 0.0221438 0.0296646 0.0296785 0.0372806 0.1074971 0.0298109 0.0225734 0.1014322 0.1451096 0.1107975 0.0152885 0.0153096 
Porites_rus_MN690339.1         0.6062846 0.0348839 0.0346678 0.0346678 0.1097705 0.0420474 0.0490562 0.0490562 0.0490472 0.1176687 0.1176687 0.0424171 0.1257681 0.1267120 0.0137008 0.0000000 0.0280262 0.1295582 0.0214708 0.0214708 0.0070293 0.0070293 0.0141262 0.0141262 0.0141441 0.0213187 0.0213187 0.0213187 0.0141786 0.0146454 0.0000010 0.0216431 0.0219182 0.0072343 0.0145211 0.0072343 0.0072250 0.0145388 0.0145381 0.0145211 0.0145401 0.0145401 0.0146518 0.0073815 0.0148330 0.0072457 0.0145578 0.0145644 0.0219507 0.0903151 0.0146284 0.0073837 0.0841185 0.1263107 0.0930292 0.0075468 0.0075570 
Porites_cf_AB907073.1          0.6042963 0.0135273 0.0135273 0.0135273 0.0854785 0.0207630 0.0135290 0.0135290 0.0135273 0.0931601 0.0931601 0.0140520 0.1009165 0.1016267 0.0428058 0.0280262 0.0000000 0.0903227 0.0287690 0.0287690 0.0141262 0.0141262 0.0070214 0.0070214 0.0070194 0.0141281 0.0141281 0.0000010 0.0141805 0.0296279 0.0145401 0.0364868 0.0219215 0.0219472 0.0145231 0.0072238 0.0072259 0.0145408 0.0145401 0.0145231 0.0145421 0.0000010 0.0296418 0.0223983 0.0300120 0.0072467 0.0145598 0.0145664 0.0072259 0.1065973 0.0146304 0.0073847 0.1005763 0.1437827 0.1098382 0.0075479 0.0229384 
Porites_compressa_KY888879.1   0.5103997 0.1038319 0.0951179 0.0951179 0.0952172 0.1057690 0.0951427 0.0951427 0.0951179 0.1030633 0.1030633 0.0951427 0.1110991 0.1119164 0.1477856 0.1295582 0.0903227 0.0000000 0.1074692 0.1074692 0.0902992 0.0902992 0.0822623 0.0822623 0.0984611 0.0903227 0.0903227 0.0903227 0.0906691 0.1107537 0.0930007 0.1177634 0.1013012 0.1014263 0.0928865 0.1014263 0.0847082 0.0930059 0.0930007 0.0928865 0.0930260 0.0930260 0.1108275 0.1037707 0.1037106 0.0849686 0.0931459 0.0931937 0.1014728 0.1082474 0.0936229 0.0866919 0.1014059 0.1274572 0.1107708 0.0887535 0.1063386 
Porites_lutea_LT558159.1       0.6134652 0.0142255 0.0142255 0.0142255 0.0822650 0.0287690 0.0287690 0.0287690 0.0287644 0.0983422 0.0983422 0.0287690 0.1065718 0.1073720 0.0070342 0.0214708 0.0287690 0.1074692 0.0000000 0.0000010 0.0142255 0.0142255 0.0214430 0.0214430 0.0214708 0.0287690 0.0287690 0.0287690 0.0288771 0.0000010 0.0146454 0.0369675 0.0372235 0.0221086 0.0295879 0.0221086 0.0220791 0.0296245 0.0296230 0.0295879 0.0296279 0.0296279 0.0298646 0.0074363 0.0000010 0.0221438 0.0296646 0.0296785 0.0372806 0.1081348 0.0298109 0.0225734 0.1014322 0.1451096 0.1107975 0.0152885 0.0153096 
Porites_evermanni_LT558157.1   0.6134652 0.0142255 0.0142255 0.0142255 0.0822650 0.0287690 0.0287690 0.0287690 0.0287644 0.0983422 0.0983422 0.0287690 0.1065718 0.1073720 0.0070342 0.0214708 0.0287690 0.1074692 0.0000010 0.0000000 0.0142255 0.0142255 0.0214430 0.0214430 0.0214708 0.0287690 0.0287690 0.0287690 0.0288771 0.0000010 0.0146454 0.0369675 0.0372235 0.0221086 0.0295879 0.0221086 0.0220791 0.0296245 0.0296230 0.0295879 0.0296279 0.0296279 0.0298646 0.0074363 0.0000010 0.0221438 0.0296646 0.0296785 0.0372806 0.1081348 0.0298109 0.0225734 0.1014322 0.1451096 0.1107975 0.0152885 0.0153096 
Porites_rus_LT558165.1         0.6114311 0.0000010 0.0000010 0.0000010 0.0660281 0.0141262 0.0141262 0.0141262 0.0141242 0.0816067 0.0816067 0.0141262 0.0895706 0.0902122 0.0214708 0.0070293 0.0141262 0.0902992 0.0142255 0.0142255 0.0000000 0.0000010 0.0070205 0.0070205 0.0070293 0.0141262 0.0141262 0.0141262 0.0141786 0.0146454 0.0000010 0.0217634 0.0219182 0.0072343 0.0145211 0.0072343 0.0072250 0.0145388 0.0145381 0.0145211 0.0145401 0.0145401 0.0146518 0.0073815 0.0148330 0.0072457 0.0145578 0.0145644 0.0219507 0.0908396 0.0146284 0.0073837 0.0841185 0.1263107 0.0930292 0.0075468 0.0075570 
Porites_rus_LT558164.1         0.6114311 0.0000010 0.0000010 0.0000010 0.0660281 0.0141262 0.0141262 0.0141262 0.0141242 0.0816067 0.0816067 0.0141262 0.0895706 0.0902122 0.0214708 0.0070293 0.0141262 0.0902992 0.0142255 0.0142255 0.0000010 0.0000000 0.0070205 0.0070205 0.0070293 0.0141262 0.0141262 0.0141262 0.0141786 0.0146454 0.0000010 0.0217634 0.0219182 0.0072343 0.0145211 0.0072343 0.0072250 0.0145388 0.0145381 0.0145211 0.0145401 0.0145401 0.0146518 0.0073815 0.0148330 0.0072457 0.0145578 0.0145644 0.0219507 0.0908396 0.0146284 0.0073837 0.0841185 0.1263107 0.0930292 0.0075468 0.0075570 
Porites_lobata_LT558153.1      0.6257577 0.0070205 0.0070205 0.0070205 0.0737256 0.0070214 0.0070214 0.0070214 0.0070205 0.0894646 0.0894646 0.0070214 0.0975138 0.0982245 0.0287690 0.0141262 0.0070214 0.0822623 0.0214430 0.0214430 0.0070205 0.0070205 0.0000000 0.0000010 0.0141262 0.0070214 0.0070214 0.0070214 0.0070473 0.0220791 0.0072250 0.0291654 0.0145231 0.0145401 0.0072166 0.0145401 0.0000010 0.0072253 0.0072250 0.0072166 0.0072259 0.0072259 0.0220891 0.0148372 0.0223634 0.0000010 0.0072346 0.0072379 0.0145444 0.0989111 0.0072695 0.0000010 0.0922315 0.1348889 0.1013070 0.0000010 0.0151923 
Porites_compressa_LT558147.1   0.6257577 0.0070205 0.0070205 0.0070205 0.0737256 0.0070214 0.0070214 0.0070214 0.0070205 0.0894646 0.0894646 0.0070214 0.0975138 0.0982245 0.0287690 0.0141262 0.0070214 0.0822623 0.0214430 0.0214430 0.0070205 0.0070205 0.0000010 0.0000000 0.0141262 0.0070214 0.0070214 0.0070214 0.0070473 0.0220791 0.0072250 0.0291654 0.0145231 0.0145401 0.0072166 0.0145401 0.0000010 0.0072253 0.0072250 0.0072166 0.0072259 0.0072259 0.0220891 0.0148372 0.0223634 0.0000010 0.0072346 0.0072379 0.0145444 0.0989111 0.0072695 0.0000010 0.0922315 0.1348889 0.1013070 0.0000010 0.0151923 
Porites_randalli_LT558145.1    0.5950817 0.0070293 0.0070293 0.0070293 0.0738292 0.0213187 0.0213187 0.0213187 0.0213156 0.0895936 0.0895936 0.0213187 0.0976563 0.0983693 0.0288068 0.0141441 0.0070194 0.0984611 0.0214708 0.0214708 0.0070293 0.0070293 0.0141262 0.0141262 0.0000000 0.0213187 0.0213187 0.0070194 0.0213981 0.0221086 0.0072343 0.0292043 0.0294088 0.0145591 0.0219182 0.0000010 0.0145401 0.0219450 0.0219439 0.0219182 0.0219472 0.0072238 0.0221186 0.0148570 0.0223937 0.0145822 0.0219741 0.0219842 0.0145401 0.0990580 0.0220812 0.0148616 0.0923690 0.1351041 0.1014615 0.0151923 0.0152131 
Porites_lobata_LT558154.1      0.6420091 0.0141262 0.0141262 0.0141262 0.0816135 0.0141281 0.0000010 0.0000010 0.0141262 0.0975402 0.0975402 0.0141281 0.1056893 0.1064744 0.0361873 0.0213187 0.0141281 0.0903227 0.0287690 0.0287690 0.0141262 0.0141262 0.0070214 0.0070214 0.0213187 0.0000000 0.0000010 0.0141281 0.0141805 0.0296279 0.0145401 0.0366921 0.0072154 0.0072238 0.0145231 0.0219472 0.0072259 0.0145408 0.0145401 0.0145231 0.0000010 0.0145421 0.0296418 0.0223983 0.0300120 0.0072467 0.0000010 0.0000010 0.0219540 0.1072237 0.0000010 0.0073847 0.1005763 0.1437827 0.1098382 0.0075479 0.0229384 
Porites_lobata_LT558152.1      0.6420091 0.0141262 0.0141262 0.0141262 0.0816135 0.0141281 0.0000010 0.0000010 0.0141262 0.0975402 0.0975402 0.0141281 0.1056893 0.1064744 0.0361873 0.0213187 0.0141281 0.0903227 0.0287690 0.0287690 0.0141262 0.0141262 0.0070214 0.0070214 0.0213187 0.0000010 0.0000000 0.0141281 0.0141805 0.0296279 0.0145401 0.0366921 0.0072154 0.0072238 0.0145231 0.0219472 0.0072259 0.0145408 0.0145401 0.0145231 0.0000010 0.0145421 0.0296418 0.0223983 0.0300120 0.0072467 0.0000010 0.0000010 0.0219540 0.1072237 0.0000010 0.0073847 0.1005763 0.1437827 0.1098382 0.0075479 0.0229384 
Porites_rus_LT558144.1         0.6094093 0.0141262 0.0141262 0.0141262 0.0816135 0.0141281 0.0141281 0.0141281 0.0141262 0.0975402 0.0975402 0.0141281 0.1056893 0.1064744 0.0361873 0.0213187 0.0000010 0.0903227 0.0287690 0.0287690 0.0141262 0.0141262 0.0070214 0.0070214 0.0070194 0.0141281 0.0141281 0.0000000 0.0141805 0.0296279 0.0145401 0.0366921 0.0219215 0.0219472 0.0145231 0.0072238 0.0072259 0.0145408 0.0145401 0.0145231 0.0145421 0.0000010 0.0296418 0.0223983 0.0300120 0.0072467 0.0145598 0.0145664 0.0072259 0.1072237 0.0146304 0.0073847 0.1005763 0.1437827 0.1098382 0.0075479 0.0229384 
Porites_cf_MN602016.1          0.6408788 0.0141786 0.0141786 0.0141786 0.0819230 0.0070473 0.0141805 0.0141805 0.0000010 0.0979117 0.0979117 0.0141805 0.1060927 0.1068842 0.0288771 0.0141786 0.0141805 0.0906691 0.0288771 0.0288771 0.0141786 0.0141786 0.0070473 0.0070473 0.0213981 0.0141805 0.0141805 0.0141805 0.0000000 0.0296230 0.0145381 0.0366858 0.0219182 0.0219439 0.0145211 0.0219439 0.0072250 0.0145388 0.0000010 0.0145211 0.0145401 0.0145401 0.0296370 0.0223948 0.0300069 0.0072457 0.0145578 0.0145644 0.0219507 0.1071923 0.0146284 0.0073837 0.1005477 0.1437290 0.1098049 0.0075468 0.0229347 
Porites_lichen_FJ423964.1      0.6348926 0.0146454 0.0146454 0.0146454 0.0848205 0.0220791 0.0296279 0.0296279 0.0296230 0.1014322 0.1014322 0.0296279 0.1099411 0.1107975 0.0000010 0.0146454 0.0296279 0.1107537 0.0000010 0.0000010 0.0146454 0.0146454 0.0220791 0.0220791 0.0221086 0.0296279 0.0296279 0.0296279 0.0296230 0.0000000 0.0146454 0.0378388 0.0372235 0.0221086 0.0295879 0.0221086 0.0220791 0.0296245 0.0296230 0.0295879 0.0296279 0.0296279 0.0298646 0.0075429 0.0000010 0.0221438 0.0296646 0.0296785 0.0372806 0.1107975 0.0298109 0.0225734 0.1014322 0.1451096 0.1107975 0.0153081 0.0153293 
Porites_lutea_FJ423967.1       0.6336229 0.0000010 0.0000010 0.0000010 0.0680381 0.0072250 0.0145401 0.0145401 0.0145381 0.0841185 0.0841185 0.0145401 0.0923441 0.0930292 0.0146454 0.0000010 0.0145401 0.0930007 0.0146454 0.0146454 0.0000010 0.0000010 0.0072250 0.0072250 0.0072343 0.0145401 0.0145401 0.0145401 0.0145381 0.0146454 0.0000000 0.0222664 0.0219182 0.0072343 0.0145211 0.0072343 0.0072250 0.0145388 0.0145381 0.0145211 0.0145401 0.0145401 0.0146518 0.0074865 0.0148330 0.0072457 0.0145578 0.0145644 0.0219507 0.0930292 0.0146284 0.0073837 0.0841185 0.1263107 0.0930292 0.0075564 0.0075666 
Porites_astreoides_AY451374.1  0.6513582 0.0216431 0.0216431 0.0216431 0.0749570 0.0290034 0.0364868 0.0364868 0.0364806 0.0910061 0.0910061 0.0364868 0.0992215 0.0999610 0.0367591 0.0216431 0.0364868 0.1177634 0.0369675 0.0369675 0.0217634 0.0217634 0.0291654 0.0291654 0.0292043 0.0366921 0.0366921 0.0366921 0.0366858 0.0378388 0.0222664 0.0000000 0.0452966 0.0298836 0.0374982 0.0298836 0.0298429 0.0375452 0.0375433 0.0374982 0.0375501 0.0375501 0.0072817 0.0305110 0.0383406 0.0299316 0.0375972 0.0376152 0.0375501 0.0999610 0.0377851 0.0305206 0.0937652 0.1373419 0.1030384 0.0230975 0.0076065 
Porites_lobata_FJ423983.1      0.6797115 0.0219182 0.0219182 0.0219182 0.0922410 0.0145231 0.0072154 0.0072154 0.0219182 0.1088648 0.1088648 0.0219215 0.1173795 0.1182999 0.0372235 0.0219182 0.0219215 0.1013012 0.0372235 0.0372235 0.0219182 0.0219182 0.0145231 0.0145231 0.0294088 0.0072154 0.0072154 0.0219215 0.0219182 0.0372235 0.0219182 0.0452966 0.0000000 0.0145188 0.0218925 0.0294088 0.0145231 0.0219192 0.0219182 0.0218925 0.0072154 0.0219215 0.0372417 0.0304501 0.0377086 0.0145651 0.0072242 0.0072274 0.0294182 0.1182999 0.0072590 0.0148438 0.1088648 0.1525438 0.1182999 0.0151930 0.0307836 
Porites_rus_FJ423980.1         0.6504569 0.0072343 0.0072343 0.0072343 0.0760911 0.0145401 0.0072238 0.0072238 0.0219439 0.0923690 0.0923690 0.0219472 0.1006996 0.1014615 0.0221086 0.0072343 0.0219472 0.1014263 0.0221086 0.0221086 0.0072343 0.0072343 0.0145401 0.0145401 0.0145591 0.0072238 0.0072238 0.0219472 0.0219439 0.0221086 0.0072343 0.0298836 0.0145188 0.0000000 0.0219182 0.0145591 0.0145401 0.0219450 0.0219439 0.0219182 0.0072238 0.0219472 0.0221186 0.0150698 0.0223937 0.0145822 0.0072326 0.0072358 0.0294530 0.1014615 0.0072674 0.0148616 0.0923690 0.1351041 0.1014615 0.0152116 0.0152325 
Porites_lobata_FJ423974.1      0.6630047 0.0145211 0.0145211 0.0145211 0.0840026 0.0072166 0.0145231 0.0145231 0.0145211 0.1004248 0.1004248 0.0145231 0.1088323 0.1096689 0.0295879 0.0145211 0.0145231 0.0928865 0.0295879 0.0295879 0.0145211 0.0145211 0.0072166 0.0072166 0.0219182 0.0145231 0.0145231 0.0145231 0.0145211 0.0295879 0.0145211 0.0374982 0.0218925 0.0219182 0.0000000 0.0219182 0.0072166 0.0000010 0.0145211 0.0145042 0.0145231 0.0145231 0.0296018 0.0226895 0.0299709 0.0072373 0.0145408 0.0145474 0.0219249 0.1096689 0.0146112 0.0073750 0.1004248 0.1435498 0.1096689 0.0075472 0.0229359 
Porites_randalli_FJ423966.1    0.6166837 0.0072343 0.0072343 0.0072343 0.0760911 0.0145401 0.0219472 0.0219472 0.0219439 0.0923690 0.0923690 0.0219472 0.1006996 0.1014615 0.0221086 0.0072343 0.0072238 0.1014263 0.0221086 0.0221086 0.0072343 0.0072343 0.0145401 0.0145401 0.0000010 0.0219472 0.0219472 0.0072238 0.0219439 0.0221086 0.0072343 0.0298836 0.0294088 0.0145591 0.0219182 0.0000000 0.0145401 0.0219450 0.0219439 0.0219182 0.0219472 0.0072238 0.0221186 0.0150698 0.0223937 0.0145822 0.0219741 0.0219842 0.0145401 0.1014615 0.0220812 0.0148616 0.0923690 0.1351041 0.1014615 0.0152116 0.0152325 
Porites_solida_FJ423962.1      0.6483623 0.0072250 0.0072250 0.0072250 0.0759808 0.0000010 0.0072259 0.0072259 0.0072250 0.0922315 0.0922315 0.0072259 0.1005477 0.1013070 0.0220791 0.0072250 0.0072259 0.0847082 0.0220791 0.0220791 0.0072250 0.0072250 0.0000010 0.0000010 0.0145401 0.0072259 0.0072259 0.0072259 0.0072250 0.0220791 0.0072250 0.0298429 0.0145231 0.0145401 0.0072166 0.0145401 0.0000000 0.0072253 0.0072250 0.0072166 0.0072259 0.0072259 0.0220891 0.0150494 0.0223634 0.0000010 0.0072346 0.0072379 0.0145444 0.1013070 0.0072695 0.0000010 0.0922315 0.1348889 0.1013070 0.0000010 0.0152116 
Porites_lobata_FJ423973.1      0.6642354 0.0145388 0.0145388 0.0145388 0.0841092 0.0072253 0.0145408 0.0145408 0.0145388 0.1005535 0.1005535 0.0145408 0.1089725 0.1098114 0.0296245 0.0145388 0.0145408 0.0930059 0.0296245 0.0296245 0.0145388 0.0145388 0.0072253 0.0072253 0.0219450 0.0145408 0.0145408 0.0145408 0.0145388 0.0296245 0.0145388 0.0375452 0.0219192 0.0219450 0.0000010 0.0219450 0.0072253 0.0000000 0.0145388 0.0145218 0.0145408 0.0145408 0.0296384 0.0227183 0.0300084 0.0072461 0.0145585 0.0145651 0.0219518 0.1098114 0.0146291 0.0073841 0.1005535 0.1437386 0.1098114 0.0075568 0.0229652 
Porites_lutea_KF271436.1       0.6639053 0.0145381 0.0145381 0.0145381 0.0841046 0.0072250 0.0145401 0.0145401 0.0000010 0.1005477 0.1005477 0.0145401 0.1089660 0.1098049 0.0296230 0.0145381 0.0145401 0.0930007 0.0296230 0.0296230 0.0145381 0.0145381 0.0072250 0.0072250 0.0219439 0.0145401 0.0145401 0.0145401 0.0000010 0.0296230 0.0145381 0.0375433 0.0219182 0.0219439 0.0145211 0.0219439 0.0072250 0.0145388 0.0000000 0.0145211 0.0145401 0.0145401 0.0296370 0.0227171 0.0300069 0.0072457 0.0145578 0.0145644 0.0219507 0.1098049 0.0146284 0.0073837 0.1005477 0.1437290 0.1098049 0.0075564 0.0229641 
Porites_lutea_KF271415.1       0.6630047 0.0145211 0.0145211 0.0145211 0.0840026 0.0072166 0.0145231 0.0145231 0.0145211 0.1004248 0.1004248 0.0145231 0.1088323 0.1096689 0.0295879 0.0145211 0.0145231 0.0928865 0.0295879 0.0295879 0.0145211 0.0145211 0.0072166 0.0072166 0.0219182 0.0145231 0.0145231 0.0145231 0.0145211 0.0295879 0.0145211 0.0374982 0.0218925 0.0219182 0.0145042 0.0219182 0.0072166 0.0145218 0.0145211 0.0000000 0.0145231 0.0145231 0.0296018 0.0226895 0.0299709 0.0072373 0.0145408 0.0145474 0.0219249 0.1096689 0.0146112 0.0073750 0.1004248 0.1435498 0.1096689 0.0075472 0.0229359 
Porites_lobata_FJ423975.1      0.6651434 0.0145401 0.0145401 0.0145401 0.0841260 0.0072259 0.0000010 0.0000010 0.0145401 0.1005763 0.1005763 0.0145421 0.1089987 0.1098382 0.0296279 0.0145401 0.0145421 0.0930260 0.0296279 0.0296279 0.0145401 0.0145401 0.0072259 0.0072259 0.0219472 0.0000010 0.0000010 0.0145421 0.0145401 0.0296279 0.0145401 0.0375501 0.0072154 0.0072238 0.0145231 0.0219472 0.0072259 0.0145408 0.0145401 0.0145231 0.0000000 0.0145421 0.0296418 0.0227207 0.0300120 0.0072467 0.0000010 0.0000010 0.0219540 0.1098382 0.0000010 0.0073847 0.1005763 0.1437827 0.1098382 0.0075574 0.0229677 
Porites_lichen_FJ423963.1      0.6314499 0.0145401 0.0145401 0.0145401 0.0841260 0.0072259 0.0145421 0.0145421 0.0145401 0.1005763 0.1005763 0.0145421 0.1089987 0.1098382 0.0296279 0.0145401 0.0000010 0.0930260 0.0296279 0.0296279 0.0145401 0.0145401 0.0072259 0.0072259 0.0072238 0.0145421 0.0145421 0.0000010 0.0145401 0.0296279 0.0145401 0.0375501 0.0219215 0.0219472 0.0145231 0.0072238 0.0072259 0.0145408 0.0145401 0.0145231 0.0145421 0.0000000 0.0296418 0.0227207 0.0300120 0.0072467 0.0145598 0.0145664 0.0072259 0.1098382 0.0146304 0.0073847 0.1005763 0.1437827 0.1098382 0.0075574 0.0229677 
Porites_astreoides_FJ423961.1  0.6483933 0.0146518 0.0146518 0.0146518 0.0685111 0.0220891 0.0296418 0.0296418 0.0296370 0.0847235 0.0847235 0.0296418 0.0930201 0.0937167 0.0298646 0.0146518 0.0296418 0.1108275 0.0298646 0.0298646 0.0146518 0.0146518 0.0220891 0.0220891 0.0221186 0.0296418 0.0296418 0.0296418 0.0296370 0.0298646 0.0146518 0.0072817 0.0372417 0.0221186 0.0296018 0.0221186 0.0220891 0.0296384 0.0296370 0.0296018 0.0296418 0.0296418 0.0000000 0.0229046 0.0302550 0.0221539 0.0296786 0.0296925 0.0372988 0.0937167 0.0298250 0.0225839 0.0847235 0.1273050 0.0937167 0.0152116 0.0000010 
Porites_lobata_MN005655.1      0.6371476 0.0073815 0.0073815 0.0073815 0.0695788 0.0148372 0.0223983 0.0223983 0.0223948 0.0943527 0.0943527 0.0223983 0.1028737 0.1036714 0.0074363 0.0073815 0.0223983 0.1037707 0.0074363 0.0074363 0.0073815 0.0073815 0.0148372 0.0148372 0.0148570 0.0223983 0.0223983 0.0223983 0.0223948 0.0075429 0.0074865 0.0305110 0.0304501 0.0150698 0.0226895 0.0150698 0.0150494 0.0227183 0.0227171 0.0226895 0.0227207 0.0227207 0.0229046 0.0000000 0.0076425 0.0150945 0.0227495 0.0227207 0.0304975 0.1036714 0.0228643 0.0151136 0.0957841 0.1402446 0.1052686 0.0078331 0.0078441 
Porites_evermanni_FJ423984.1   0.6328403 0.0148330 0.0148330 0.0148330 0.0859669 0.0223634 0.0300120 0.0300120 0.0300069 0.0944110 0.0944110 0.0300120 0.1029485 0.1037486 0.0000010 0.0148330 0.0300120 0.1037106 0.0000010 0.0000010 0.0148330 0.0148330 0.0223634 0.0223634 0.0223937 0.0300120 0.0300120 0.0300120 0.0300069 0.0000010 0.0148330 0.0383406 0.0377086 0.0223937 0.0299709 0.0223937 0.0223634 0.0300084 0.0300069 0.0299709 0.0300120 0.0300120 0.0302550 0.0076425 0.0000000 0.0224298 0.0300496 0.0300639 0.0377672 0.1037486 0.0301997 0.0228707 0.0944110 0.1382487 0.1037486 0.0155132 0.0155349 
Porites_cylindrica_FJ423968.1  0.6514064 0.0072457 0.0072457 0.0072457 0.0762110 0.0000010 0.0072467 0.0072467 0.0072457 0.0925143 0.0925143 0.0072467 0.1008580 0.1016224 0.0221438 0.0072457 0.0072467 0.0849686 0.0221438 0.0221438 0.0072457 0.0072457 0.0000010 0.0000010 0.0145822 0.0072467 0.0072467 0.0072467 0.0072457 0.0221438 0.0072457 0.0299316 0.0145651 0.0145822 0.0072373 0.0145822 0.0000010 0.0072461 0.0072457 0.0072373 0.0072467 0.0072467 0.0221539 0.0150945 0.0224298 0.0000000 0.0072555 0.0072587 0.0145865 0.1016224 0.0072906 0.0000010 0.0925143 0.1353158 0.1016224 0.0000010 0.0152577 
Porites_compressa_FJ423982.1   0.6663818 0.0145578 0.0145578 0.0145578 0.0842330 0.0072346 0.0000010 0.0000010 0.0145578 0.1007054 0.1007054 0.0145598 0.1091393 0.1099812 0.0296646 0.0145578 0.0145598 0.0931459 0.0296646 0.0296646 0.0145578 0.0145578 0.0072346 0.0072346 0.0219741 0.0000010 0.0000010 0.0145598 0.0145578 0.0296646 0.0145578 0.0375972 0.0072242 0.0072326 0.0145408 0.0219741 0.0072346 0.0145585 0.0145578 0.0145408 0.0000010 0.0145598 0.0296786 0.0227495 0.0300496 0.0072555 0.0000000 0.0000010 0.0219809 0.1099812 0.0000010 0.0073938 0.1007054 0.1439721 0.1099812 0.0075670 0.0229972 
Porites_duerdeni_FJ423976.1    0.6670117 0.0145644 0.0145644 0.0145644 0.0842753 0.0072379 0.0000010 0.0000010 0.0145644 0.1007572 0.1007572 0.0145664 0.1091962 0.1100390 0.0296785 0.0145644 0.0145664 0.0931937 0.0296785 0.0296785 0.0145644 0.0145644 0.0072379 0.0072379 0.0219842 0.0000010 0.0000010 0.0145664 0.0145644 0.0296785 0.0145644 0.0376152 0.0072274 0.0072358 0.0145474 0.0219842 0.0072379 0.0145651 0.0145644 0.0145474 0.0000010 0.0145664 0.0296925 0.0227207 0.0300639 0.0072587 0.0000010 0.0000000 0.0219910 0.1100390 0.0000010 0.0073847 0.1007572 0.1440507 0.1100390 0.0075705 0.0230082 
Porites_rus_FJ423979.1         0.6483623 0.0219507 0.0219507 0.0219507 0.0923939 0.0145444 0.0219540 0.0219540 0.0219507 0.1090498 0.1090498 0.0219540 0.1175815 0.1185056 0.0372806 0.0219507 0.0072259 0.1014728 0.0372806 0.0372806 0.0219507 0.0219507 0.0145444 0.0145444 0.0145401 0.0219540 0.0219540 0.0072259 0.0219507 0.0372806 0.0219507 0.0375501 0.0294182 0.0294530 0.0219249 0.0145401 0.0145444 0.0219518 0.0219507 0.0219249 0.0219540 0.0072259 0.0372988 0.0304975 0.0377672 0.0145865 0.0219809 0.0219910 0.0000000 0.1185056 0.0220881 0.0148661 0.1090498 0.1528204 0.1185056 0.0152163 0.0308321 
Porites_branneri_AY451380.1    0.6373073 0.0903151 0.0903151 0.0903151 0.0663835 0.0983371 0.1065973 0.1065973 0.1065664 0.0070354 0.0070354 0.1065973 0.0141555 0.0000010 0.1074971 0.0903151 0.1065973 0.1082474 0.1081348 0.1081348 0.0908396 0.0908396 0.0989111 0.0989111 0.0990580 0.1072237 0.1072237 0.1072237 0.1071923 0.1107975 0.0930292 0.0999610 0.1182999 0.1014615 0.1096689 0.1014615 0.1013070 0.1098114 0.1098049 0.1096689 0.1098382 0.1098382 0.0937167 0.1036714 0.1037486 0.1016224 0.1099812 0.1100390 0.1185056 0.0000000 0.1105502 0.1037080 0.0072328 0.0447745 0.0000010 0.1062092 0.0887399 
Porites_compressa_FJ423970.1   0.6710334 0.0146284 0.0146284 0.0146284 0.0846588 0.0072695 0.0000010 0.0000010 0.0146284 0.1012192 0.1012192 0.0146304 0.1096989 0.1105502 0.0298109 0.0146284 0.0146304 0.0936229 0.0298109 0.0298109 0.0146284 0.0146284 0.0072695 0.0072695 0.0220812 0.0000010 0.0000010 0.0146304 0.0146284 0.0298109 0.0146284 0.0377851 0.0072590 0.0072674 0.0146112 0.0220812 0.0072695 0.0146291 0.0146284 0.0146112 0.0000010 0.0146304 0.0298250 0.0228643 0.0301997 0.0072906 0.0000010 0.0000010 0.0220881 0.1105502 0.0000000 0.0074303 0.1012192 0.1447251 0.1105502 0.0076052 0.0231145 
Porites_lutea_MN602012.1       0.6533674 0.0073837 0.0073837 0.0073837 0.0777355 0.0000010 0.0073847 0.0073847 0.0073837 0.0943851 0.0943851 0.0073847 0.1029096 0.1037080 0.0225734 0.0073837 0.0073847 0.0866919 0.0225734 0.0225734 0.0073837 0.0073837 0.0000010 0.0000010 0.0148616 0.0073847 0.0073847 0.0073847 0.0073837 0.0225734 0.0073837 0.0305206 0.0148438 0.0148616 0.0073750 0.0148616 0.0000010 0.0073841 0.0073837 0.0073750 0.0073847 0.0073847 0.0225839 0.0151136 0.0228707 0.0000010 0.0073938 0.0073847 0.0148661 0.1037080 0.0074303 0.0000000 0.0943851 0.1381342 0.1037080 0.0000010 0.0154958 
Porites_panamensis_FJ423990.1  0.6350322 0.0841185 0.0841185 0.0841185 0.0599481 0.0922315 0.1005763 0.1005763 0.1005477 0.0000010 0.0000010 0.1005763 0.0071893 0.0072328 0.1014322 0.0841185 0.1005763 0.1014059 0.1014322 0.1014322 0.0841185 0.0841185 0.0922315 0.0922315 0.0923690 0.1005763 0.1005763 0.1005763 0.1005477 0.1014322 0.0841185 0.0937652 0.1088648 0.0923690 0.1004248 0.0923690 0.0922315 0.1005535 0.1005477 0.1004248 0.1005763 0.1005763 0.0847235 0.0957841 0.0944110 0.0925143 0.1007054 0.1007572 0.1090498 0.0072328 0.1012192 0.0943851 0.0000000 0.0368390 0.0072328 0.0967538 0.0796408 
Porites_colonensis_FJ423972.1  0.6537817 0.1263107 0.1263107 0.1263107 0.1005426 0.1348889 0.1437827 0.1437827 0.1437290 0.0368390 0.0368390 0.1437827 0.0444796 0.0447745 0.1451096 0.1263107 0.1437827 0.1274572 0.1451096 0.1451096 0.1263107 0.1263107 0.1348889 0.1348889 0.1351041 0.1437827 0.1437827 0.1437827 0.1437290 0.1451096 0.1263107 0.1373419 0.1525438 0.1351041 0.1435498 0.1351041 0.1348889 0.1437386 0.1437290 0.1435498 0.1437827 0.1437827 0.1273050 0.1402446 0.1382487 0.1353158 0.1439721 0.1440507 0.1528204 0.0447745 0.1447251 0.1381342 0.0368390 0.0000000 0.0447745 0.1417240 0.1234993 
Porites_divaricata_FJ423969.1  0.6672127 0.0930292 0.0930292 0.0930292 0.0683383 0.1013070 0.1098382 0.1098382 0.1098049 0.0072328 0.0072328 0.1098382 0.0145551 0.0000010 0.1107975 0.0930292 0.1098382 0.1107708 0.1107975 0.1107975 0.0930292 0.0930292 0.1013070 0.1013070 0.1014615 0.1098382 0.1098382 0.1098382 0.1098049 0.1107975 0.0930292 0.1030384 0.1182999 0.1014615 0.1096689 0.1014615 0.1013070 0.1098114 0.1098049 0.1096689 0.1098382 0.1098382 0.0937167 0.1052686 0.1037486 0.1016224 0.1099812 0.1100390 0.1185056 0.0000010 0.1105502 0.1037080 0.0072328 0.0447745 0.0000000 0.1063533 0.0888590 
Porites_lutea_AB441243.1       0.6803328 0.0075468 0.0075468 0.0075468 0.0795560 0.0000010 0.0075479 0.0075479 0.0075468 0.0966247 0.0966247 0.0075479 0.1053686 0.1062092 0.0152885 0.0075468 0.0075479 0.0887535 0.0152885 0.0152885 0.0075468 0.0075468 0.0000010 0.0000010 0.0151923 0.0075479 0.0075479 0.0075479 0.0075468 0.0153081 0.0075564 0.0230975 0.0151930 0.0152116 0.0075472 0.0152116 0.0000010 0.0075568 0.0075564 0.0075472 0.0075574 0.0075574 0.0152116 0.0078331 0.0155132 0.0000010 0.0075670 0.0075705 0.0152163 0.1062092 0.0076052 0.0000010 0.0967538 0.1417240 0.1063533 0.0000000 0.0151923 
Porites_astreoides_AB441242.1  0.6465770 0.0075570 0.0075570 0.0075570 0.0628707 0.0151923 0.0229384 0.0229384 0.0229347 0.0795356 0.0795356 0.0229384 0.0880644 0.0887399 0.0153096 0.0075570 0.0229384 0.1063386 0.0153096 0.0153096 0.0075570 0.0075570 0.0151923 0.0151923 0.0152131 0.0229384 0.0229384 0.0229384 0.0229347 0.0153293 0.0075666 0.0076065 0.0307836 0.0152325 0.0229359 0.0152325 0.0152116 0.0229652 0.0229641 0.0229359 0.0229677 0.0229677 0.0000010 0.0078441 0.0155349 0.0152577 0.0229972 0.0230082 0.0308321 0.0887399 0.0231145 0.0154958 0.0796408 0.1234993 0.0888590 0.0151923 0.0000000 
