57
Siderastrea_siderea_AY451386.1 0.0000000 0.6251855 0.6251855 0.6251855 0.5921821 0.6401567 0.6572499 0.6572499 0.6559738 0.6266406 0.6266406 0.6572499 0.6266406 0.6592178 0.6266488 0.6251855 0.6229713 0.5236794 0.6319426 0.6319426 0.6306820 0.6306820 0.6457519 0.6457519 0.6133591 0.6629729 0.6629729 0.6284290 0.6616688 0.6546446 0.6543175 0.6750881 0.7029400 0.6721777 0.6852308 0.6363456 0.6698304 0.6865384 0.6861965 0.6852308 0.6876279 0.6518897 0.6710452 0.6582298 0.6526688 0.6730835 0.6889444 0.6896326 0.6698304 0.6592178 0.6938981 0.6752957 0.6560206 0.6759505 0.6913390 0.7043375 0.6685883 
ref_NC_037435.1_               0.6251855 0.0000000 0.0066012 0.0066012 0.0839793 0.0346475 0.0200134 0.0200134 0.0200104 0.0839921 0.0839921 0.0207727 0.0915355 0.0921661 0.0500450 0.0350872 0.0135985 0.1046111 0.0143026 0.0143026 0.0000010 0.0000010 0.0070566 0.0070566 0.0070657 0.0142011 0.0142011 0.0142011 0.0142534 0.0147242 0.0000010 0.0217665 0.0220364 0.0072714 0.0145970 0.0072714 0.0072618 0.0146147 0.0146143 0.0145970 0.0146165 0.0146165 0.0147309 0.0074194 0.0149128 0.0072826 0.0146343 0.0146410 0.0220699 0.0909544 0.0147053 0.0074213 0.0846857 0.1272888 0.0936903 0.0075851 0.0075956 
Porites_lutea_KU159432.1       0.6251855 0.0066012 0.0000000 0.0000010 0.0760007 0.0420865 0.0131872 0.0131872 0.0131853 0.0760122 0.0760122 0.0136813 0.0834069 0.0839663 0.0497169 0.0348660 0.0135985 0.0957967 0.0143026 0.0143026 0.0000010 0.0000010 0.0070566 0.0070566 0.0070657 0.0142011 0.0142011 0.0142011 0.0142534 0.0147242 0.0000010 0.0217665 0.0220364 0.0072714 0.0145970 0.0072714 0.0072618 0.0146147 0.0146143 0.0145970 0.0146165 0.0146165 0.0147309 0.0074194 0.0149128 0.0072826 0.0146343 0.0146410 0.0220699 0.0909544 0.0147053 0.0074213 0.0846857 0.1272888 0.0936903 0.0075851 0.0075956 
Porites_rus_LN864762.1         0.6251855 0.0066012 0.0000010 0.0000000 0.0760007 0.0420865 0.0131872 0.0131872 0.0131853 0.0760122 0.0760122 0.0136813 0.0834069 0.0839663 0.0497169 0.0348660 0.0135985 0.0957967 0.0143026 0.0143026 0.0000010 0.0000010 0.0070566 0.0070566 0.0070657 0.0142011 0.0142011 0.0142011 0.0142534 0.0147242 0.0000010 0.0217665 0.0220364 0.0072714 0.0145970 0.0072714 0.0072618 0.0146147 0.0146143 0.0145970 0.0146165 0.0146165 0.0147309 0.0074194 0.0149128 0.0072826 0.0146343 0.0146410 0.0220699 0.0909544 0.0147053 0.0074213 0.0846857 0.1272888 0.0936903 0.0075851 0.0075956 
ref_NC_037434.1_               0.5921821 0.0839793 0.0760007 0.0760007 0.0000000 0.1106424 0.0907950 0.0907950 0.0907713 0.0685298 0.0685298 0.0867169 0.0758213 0.0763197 0.1278529 0.1105834 0.0860606 0.0959056 0.0828349 0.0828349 0.0664514 0.0664514 0.0742098 0.0742098 0.0743169 0.0821658 0.0821658 0.0821658 0.0824754 0.0854082 0.0684733 0.0754717 0.0928805 0.0765931 0.0845673 0.0765931 0.0764791 0.0846745 0.0846714 0.0845673 0.0846950 0.0846950 0.0689587 0.0700297 0.0865648 0.0767109 0.0848026 0.0848456 0.0930385 0.0668156 0.0852324 0.0782480 0.0603191 0.1012585 0.0687839 0.0800819 0.0632624 
Porites_lutea_MN690335.1       0.6401567 0.0346475 0.0420865 0.0420865 0.1106424 0.0000000 0.0420945 0.0420945 0.0420865 0.1268330 0.1268330 0.0356099 0.1351328 0.1361958 0.0574629 0.0422976 0.0208764 0.1065711 0.0289339 0.0289339 0.0142011 0.0142011 0.0070576 0.0070576 0.0214353 0.0142032 0.0142032 0.0142032 0.0070835 0.0222009 0.0072618 0.0291729 0.0145993 0.0146165 0.0072532 0.0146165 0.0000010 0.0072620 0.0072618 0.0072532 0.0072628 0.0072628 0.0222114 0.0149155 0.0224869 0.0000010 0.0072716 0.0072749 0.0146212 0.0990502 0.0073067 0.0000010 0.0928690 0.1359587 0.1020452 0.0000010 0.0152719 
Porites_lobata_KU761954.1      0.6572499 0.0200134 0.0131872 0.0131872 0.0907950 0.0420945 0.0000000 0.0000010 0.0131872 0.0908089 0.0908089 0.0136833 0.0983687 0.0990517 0.0646488 0.0493520 0.0136004 0.0958239 0.0289339 0.0289339 0.0142011 0.0142011 0.0070576 0.0070576 0.0214353 0.0000010 0.0000010 0.0142032 0.0142556 0.0297967 0.0146165 0.0367068 0.0072521 0.0072606 0.0145993 0.0220664 0.0072628 0.0146170 0.0146165 0.0145993 0.0000010 0.0146188 0.0298113 0.0225204 0.0301832 0.0072837 0.0000010 0.0000010 0.0220736 0.1073938 0.0000010 0.0074224 0.1012930 0.1449581 0.1106636 0.0075863 0.0230627 
Porites_lobata_KU572435.1      0.6572499 0.0200134 0.0131872 0.0131872 0.0907950 0.0420945 0.0000010 0.0000000 0.0131872 0.0908089 0.0908089 0.0136833 0.0983687 0.0990517 0.0646488 0.0493520 0.0136004 0.0958239 0.0289339 0.0289339 0.0142011 0.0142011 0.0070576 0.0070576 0.0214353 0.0000010 0.0000010 0.0142032 0.0142556 0.0297967 0.0146165 0.0367068 0.0072521 0.0072606 0.0145993 0.0220664 0.0072628 0.0146170 0.0146165 0.0145993 0.0000010 0.0146188 0.0298113 0.0225204 0.0301832 0.0072837 0.0000010 0.0000010 0.0220736 0.1073938 0.0000010 0.0074224 0.1012930 0.1449581 0.1106636 0.0075863 0.0230627 
Porites_okinawensis_JF825142.1 0.6559738 0.0200104 0.0131853 0.0131853 0.0907713 0.0420865 0.0131872 0.0131872 0.0000000 0.0907851 0.0907851 0.0136813 0.0983418 0.0990242 0.0646340 0.0493420 0.0135985 0.0957967 0.0289288 0.0289288 0.0141989 0.0141989 0.0070566 0.0070566 0.0214318 0.0142011 0.0142011 0.0142011 0.0000010 0.0297913 0.0146143 0.0366998 0.0220364 0.0220626 0.0145970 0.0220626 0.0072618 0.0146147 0.0000010 0.0145970 0.0146165 0.0146165 0.0298059 0.0225165 0.0301776 0.0072826 0.0146343 0.0146410 0.0220699 0.1073600 0.0147053 0.0074213 0.1012617 0.1449006 0.1106270 0.0075851 0.0230586 
Porites_panamensis_KU761953.1  0.6266406 0.0839921 0.0760122 0.0760122 0.0685298 0.1268330 0.0908089 0.0908089 0.0907851 0.0000000 0.0000010 0.0944212 0.0065261 0.0065625 0.1360880 0.1185605 0.0938109 0.1038263 0.0990593 0.0990593 0.0821574 0.0821574 0.0900829 0.0900829 0.0902164 0.0982347 0.0982347 0.0982347 0.0986064 0.1021731 0.0846857 0.0916645 0.1096599 0.0930112 0.1011362 0.0930112 0.0928690 0.1012657 0.1012617 0.1011362 0.1012930 0.1012930 0.0853073 0.0950141 0.0950865 0.0931539 0.1014230 0.1014757 0.1098513 0.0070719 0.1019420 0.0950417 0.0000010 0.0370475 0.0072701 0.0972994 0.0800594 
Porites_sverdrupi_KU956960.1   0.6266406 0.0839921 0.0760122 0.0760122 0.0685298 0.1268330 0.0908089 0.0908089 0.0907851 0.0000010 0.0000000 0.0944212 0.0065261 0.0065625 0.1360880 0.1185605 0.0938109 0.1038263 0.0990593 0.0990593 0.0821574 0.0821574 0.0900829 0.0900829 0.0902164 0.0982347 0.0982347 0.0982347 0.0986064 0.1021731 0.0846857 0.0916645 0.1096599 0.0930112 0.1011362 0.0930112 0.0928690 0.1012657 0.1012617 0.1011362 0.1012930 0.1012930 0.0853073 0.0950141 0.0950865 0.0931539 0.1014230 0.1014757 0.1098513 0.0070719 0.1019420 0.0950417 0.0000010 0.0370475 0.0072701 0.0972994 0.0800594 
Porites_cf_MN602014.1          0.6572499 0.0207727 0.0136813 0.0136813 0.0867169 0.0356099 0.0136833 0.0136833 0.0136813 0.0944212 0.0944212 0.0000000 0.1023049 0.1030484 0.0579695 0.0426672 0.0141267 0.0958239 0.0289339 0.0289339 0.0142011 0.0142011 0.0070576 0.0070576 0.0214353 0.0142032 0.0142032 0.0142032 0.0142556 0.0297967 0.0146165 0.0367068 0.0220402 0.0220664 0.0145993 0.0220664 0.0072628 0.0146170 0.0146165 0.0145993 0.0146188 0.0146188 0.0298113 0.0225204 0.0301832 0.0072837 0.0146366 0.0146433 0.0220736 0.1073938 0.0147077 0.0074224 0.1012930 0.1449581 0.1106636 0.0075863 0.0230627 
Porites_panamensis_KJ546638.1  0.6266406 0.0915355 0.0834069 0.0834069 0.0758213 0.1351328 0.0983687 0.0983687 0.0983418 0.0065261 0.0065261 0.1023049 0.0000000 0.0131998 0.1445548 0.1267455 0.1016394 0.1119430 0.1073696 0.1073696 0.0901911 0.0901911 0.0982057 0.0982057 0.0983532 0.1064617 0.1064617 0.1064617 0.1068655 0.1107664 0.0929839 0.0999590 0.1182600 0.1014190 0.1096242 0.1014190 0.1012617 0.1097654 0.1097609 0.1096242 0.1097967 0.1097967 0.0936789 0.1036150 0.1037058 0.1015745 0.1099383 0.1099961 0.1184693 0.0142309 0.1105038 0.1036455 0.0072255 0.0447386 0.0146323 0.1061256 0.0886613 
Porites_porites_DQ643837.1     0.6592178 0.0921661 0.0839663 0.0839663 0.0763197 0.1361958 0.0990517 0.0990517 0.0990242 0.0065625 0.0065625 0.1030484 0.0131998 0.0000000 0.1457245 0.1277216 0.1023724 0.1127876 0.1081962 0.1081962 0.0908527 0.0908527 0.0989389 0.0989389 0.0990889 0.1072723 0.1072723 0.1072723 0.1076826 0.1116511 0.0936903 0.1007225 0.1192110 0.1022052 0.1104880 0.1022052 0.1020452 0.1106316 0.1106270 0.1104880 0.1106636 0.1106636 0.0943975 0.1044384 0.1045319 0.1023632 0.1108076 0.1108665 0.1194242 0.0000010 0.1113828 0.1044695 0.0072701 0.0450415 0.0000010 0.1069932 0.0893575 
Porites_monticulosa_MN690338.1 0.6266488 0.0500450 0.0497169 0.0497169 0.1278529 0.0574629 0.0646488 0.0646488 0.0646340 0.1360880 0.1360880 0.0579695 0.1445548 0.1457245 0.0000000 0.0137742 0.0430641 0.1490604 0.0070707 0.0070707 0.0215908 0.0215908 0.0289339 0.0289339 0.0289728 0.0364011 0.0364011 0.0364011 0.0290420 0.0000010 0.0147242 0.0369856 0.0374412 0.0222313 0.0297555 0.0222313 0.0222009 0.0297922 0.0297913 0.0297555 0.0297967 0.0297967 0.0300393 0.0074755 0.0000010 0.0222660 0.0298336 0.0298476 0.0374999 0.1083200 0.0299809 0.0226982 0.1021731 0.1463275 0.1116511 0.0153704 0.0153921 
Porites_rus_MN690339.1         0.6251855 0.0350872 0.0348660 0.0348660 0.1105834 0.0422976 0.0493520 0.0493520 0.0493420 0.1185605 0.1185605 0.0426672 0.1267455 0.1277216 0.0137742 0.0000000 0.0281830 0.1305923 0.0215908 0.0215908 0.0070657 0.0070657 0.0142011 0.0142011 0.0142196 0.0214353 0.0214353 0.0214353 0.0142534 0.0147242 0.0000010 0.0217665 0.0220364 0.0072714 0.0145970 0.0072714 0.0072618 0.0146147 0.0146143 0.0145970 0.0146165 0.0146165 0.0147309 0.0074194 0.0149128 0.0072826 0.0146343 0.0146410 0.0220699 0.0909544 0.0147053 0.0074213 0.0846857 0.1272888 0.0936903 0.0075851 0.0075956 
Porites_cf_AB907073.1          0.6229713 0.0135985 0.0135985 0.0135985 0.0860606 0.0208764 0.0136004 0.0136004 0.0135985 0.0938109 0.0938109 0.0141267 0.1016394 0.1023724 0.0430641 0.0281830 0.0000000 0.0909601 0.0289339 0.0289339 0.0142011 0.0142011 0.0070576 0.0070576 0.0070555 0.0142032 0.0142032 0.0000010 0.0142556 0.0297967 0.0146165 0.0367068 0.0220402 0.0220664 0.0145993 0.0072606 0.0072628 0.0146170 0.0146165 0.0145993 0.0146188 0.0000010 0.0298113 0.0225204 0.0301832 0.0072837 0.0146366 0.0146433 0.0072628 0.1073938 0.0147077 0.0074224 0.1012930 0.1449581 0.1106636 0.0075863 0.0230627 
Porites_compressa_KY888879.1   0.5236794 0.1046111 0.0957967 0.0957967 0.0959056 0.1065711 0.0958239 0.0958239 0.0957967 0.1038263 0.1038263 0.0958239 0.1119430 0.1127876 0.1490604 0.1305923 0.0909601 0.0000000 0.1082864 0.1082864 0.0909343 0.0909343 0.0828257 0.0828257 0.0991746 0.0909601 0.0909601 0.0909601 0.0913067 0.1115987 0.0936553 0.1187121 0.1020347 0.1021626 0.0935386 0.1021626 0.0852883 0.0936588 0.0936553 0.0935386 0.0936831 0.0936831 0.1116764 0.1045307 0.1044860 0.0855506 0.0938037 0.0938523 0.1022122 0.1090806 0.0942855 0.0872894 0.1021482 0.1284757 0.1116260 0.0893674 0.1071204 
Porites_lutea_LT558159.1       0.6319426 0.0143026 0.0143026 0.0143026 0.0828349 0.0289339 0.0289339 0.0289339 0.0289288 0.0990593 0.0990593 0.0289339 0.1073696 0.1081962 0.0070707 0.0215908 0.0289339 0.1082864 0.0000000 0.0000010 0.0143026 0.0143026 0.0215621 0.0215621 0.0215908 0.0289339 0.0289339 0.0289339 0.0290420 0.0000010 0.0147242 0.0371959 0.0374412 0.0222313 0.0297555 0.0222313 0.0222009 0.0297922 0.0297913 0.0297555 0.0297967 0.0297967 0.0300393 0.0074755 0.0000010 0.0222660 0.0298336 0.0298476 0.0374999 0.1089655 0.0299809 0.0226982 0.1021731 0.1463275 0.1116511 0.0153704 0.0153921 
Porites_evermanni_LT558157.1   0.6319426 0.0143026 0.0143026 0.0143026 0.0828349 0.0289339 0.0289339 0.0289339 0.0289288 0.0990593 0.0990593 0.0289339 0.1073696 0.1081962 0.0070707 0.0215908 0.0289339 0.1082864 0.0000010 0.0000000 0.0143026 0.0143026 0.0215621 0.0215621 0.0215908 0.0289339 0.0289339 0.0289339 0.0290420 0.0000010 0.0147242 0.0371959 0.0374412 0.0222313 0.0297555 0.0222313 0.0222009 0.0297922 0.0297913 0.0297555 0.0297967 0.0297967 0.0300393 0.0074755 0.0000010 0.0222660 0.0298336 0.0298476 0.0374999 0.1089655 0.0299809 0.0226982 0.1021731 0.1463275 0.1116511 0.0153704 0.0153921 
Porites_rus_LT558165.1         0.6306820 0.0000010 0.0000010 0.0000010 0.0664514 0.0142011 0.0142011 0.0142011 0.0141989 0.0821574 0.0821574 0.0142011 0.0901911 0.0908527 0.0215908 0.0070657 0.0142011 0.0909343 0.0143026 0.0143026 0.0000000 0.0000010 0.0070566 0.0070566 0.0070657 0.0142011 0.0142011 0.0142011 0.0142534 0.0147242 0.0000010 0.0218877 0.0220364 0.0072714 0.0145970 0.0072714 0.0072618 0.0146147 0.0146143 0.0145970 0.0146165 0.0146165 0.0147309 0.0074194 0.0149128 0.0072826 0.0146343 0.0146410 0.0220699 0.0914847 0.0147053 0.0074213 0.0846857 0.1272888 0.0936903 0.0075851 0.0075956 
Porites_rus_LT558164.1         0.6306820 0.0000010 0.0000010 0.0000010 0.0664514 0.0142011 0.0142011 0.0142011 0.0141989 0.0821574 0.0821574 0.0142011 0.0901911 0.0908527 0.0215908 0.0070657 0.0142011 0.0909343 0.0143026 0.0143026 0.0000010 0.0000000 0.0070566 0.0070566 0.0070657 0.0142011 0.0142011 0.0142011 0.0142534 0.0147242 0.0000010 0.0218877 0.0220364 0.0072714 0.0145970 0.0072714 0.0072618 0.0146147 0.0146143 0.0145970 0.0146165 0.0146165 0.0147309 0.0074194 0.0149128 0.0072826 0.0146343 0.0146410 0.0220699 0.0914847 0.0147053 0.0074213 0.0846857 0.1272888 0.0936903 0.0075851 0.0075956 
Porites_lobata_LT558153.1      0.6457519 0.0070566 0.0070566 0.0070566 0.0742098 0.0070576 0.0070576 0.0070576 0.0070566 0.0900829 0.0900829 0.0070576 0.0982057 0.0989389 0.0289339 0.0142011 0.0070576 0.0828257 0.0215621 0.0215621 0.0070566 0.0070566 0.0000000 0.0000010 0.0142011 0.0070576 0.0070576 0.0070576 0.0070835 0.0222009 0.0072618 0.0293363 0.0145993 0.0146165 0.0072532 0.0146165 0.0000010 0.0072620 0.0072618 0.0072532 0.0072628 0.0072628 0.0222114 0.0149155 0.0224869 0.0000010 0.0072716 0.0072749 0.0146212 0.0996307 0.0073067 0.0000010 0.0928690 0.1359587 0.1020452 0.0000010 0.0152719 
Porites_compressa_LT558147.1   0.6457519 0.0070566 0.0070566 0.0070566 0.0742098 0.0070576 0.0070576 0.0070576 0.0070566 0.0900829 0.0900829 0.0070576 0.0982057 0.0989389 0.0289339 0.0142011 0.0070576 0.0828257 0.0215621 0.0215621 0.0070566 0.0070566 0.0000010 0.0000000 0.0142011 0.0070576 0.0070576 0.0070576 0.0070835 0.0222009 0.0072618 0.0293363 0.0145993 0.0146165 0.0072532 0.0146165 0.0000010 0.0072620 0.0072618 0.0072532 0.0072628 0.0072628 0.0222114 0.0149155 0.0224869 0.0000010 0.0072716 0.0072749 0.0146212 0.0996307 0.0073067 0.0000010 0.0928690 0.1359587 0.1020452 0.0000010 0.0152719 
Porites_randalli_LT558145.1    0.6133591 0.0070657 0.0070657 0.0070657 0.0743169 0.0214353 0.0214353 0.0214353 0.0214318 0.0902164 0.0902164 0.0214353 0.0983532 0.0990889 0.0289728 0.0142196 0.0070555 0.0991746 0.0215908 0.0215908 0.0070657 0.0070657 0.0142011 0.0142011 0.0000000 0.0214353 0.0214353 0.0070555 0.0215146 0.0222313 0.0072714 0.0293764 0.0295725 0.0146361 0.0220364 0.0000010 0.0146165 0.0220633 0.0220626 0.0220364 0.0220664 0.0072606 0.0222419 0.0149359 0.0225181 0.0146588 0.0220933 0.0221035 0.0146165 0.0997829 0.0222012 0.0149398 0.0930112 0.1361823 0.1022052 0.0152719 0.0152933 
Porites_lobata_LT558154.1      0.6629729 0.0142011 0.0142011 0.0142011 0.0821658 0.0142032 0.0000010 0.0000010 0.0142011 0.0982347 0.0982347 0.0142032 0.1064617 0.1072723 0.0364011 0.0214353 0.0142032 0.0909601 0.0289339 0.0289339 0.0142011 0.0142011 0.0070576 0.0070576 0.0214353 0.0000000 0.0000010 0.0142032 0.0142556 0.0297967 0.0146165 0.0369139 0.0072521 0.0072606 0.0145993 0.0220664 0.0072628 0.0146170 0.0146165 0.0145993 0.0000010 0.0146188 0.0298113 0.0225204 0.0301832 0.0072837 0.0000010 0.0000010 0.0220736 0.1080276 0.0000010 0.0074224 0.1012930 0.1449581 0.1106636 0.0075863 0.0230627 
Porites_lobata_LT558152.1      0.6629729 0.0142011 0.0142011 0.0142011 0.0821658 0.0142032 0.0000010 0.0000010 0.0142011 0.0982347 0.0982347 0.0142032 0.1064617 0.1072723 0.0364011 0.0214353 0.0142032 0.0909601 0.0289339 0.0289339 0.0142011 0.0142011 0.0070576 0.0070576 0.0214353 0.0000010 0.0000000 0.0142032 0.0142556 0.0297967 0.0146165 0.0369139 0.0072521 0.0072606 0.0145993 0.0220664 0.0072628 0.0146170 0.0146165 0.0145993 0.0000010 0.0146188 0.0298113 0.0225204 0.0301832 0.0072837 0.0000010 0.0000010 0.0220736 0.1080276 0.0000010 0.0074224 0.1012930 0.1449581 0.1106636 0.0075863 0.0230627 
Porites_rus_LT558144.1         0.6284290 0.0142011 0.0142011 0.0142011 0.0821658 0.0142032 0.0142032 0.0142032 0.0142011 0.0982347 0.0982347 0.0142032 0.1064617 0.1072723 0.0364011 0.0214353 0.0000010 0.0909601 0.0289339 0.0289339 0.0142011 0.0142011 0.0070576 0.0070576 0.0070555 0.0142032 0.0142032 0.0000000 0.0142556 0.0297967 0.0146165 0.0369139 0.0220402 0.0220664 0.0145993 0.0072606 0.0072628 0.0146170 0.0146165 0.0145993 0.0146188 0.0000010 0.0298113 0.0225204 0.0301832 0.0072837 0.0146366 0.0146433 0.0072628 0.1080276 0.0147077 0.0074224 0.1012930 0.1449581 0.1106636 0.0075863 0.0230627 
Porites_cf_MN602016.1          0.6616688 0.0142534 0.0142534 0.0142534 0.0824754 0.0070835 0.0142556 0.0142556 0.0000010 0.0986064 0.0986064 0.0142556 0.1068655 0.1076826 0.0290420 0.0142534 0.0142556 0.0913067 0.0290420 0.0290420 0.0142534 0.0142534 0.0070835 0.0070835 0.0215146 0.0142556 0.0142556 0.0142556 0.0000000 0.0297913 0.0146143 0.0369068 0.0220364 0.0220626 0.0145970 0.0220626 0.0072618 0.0146147 0.0000010 0.0145970 0.0146165 0.0146165 0.0298059 0.0225165 0.0301776 0.0072826 0.0146343 0.0146410 0.0220699 0.1079933 0.0147053 0.0074213 0.1012617 0.1449006 0.1106270 0.0075851 0.0230586 
Porites_lichen_FJ423964.1      0.6546446 0.0147242 0.0147242 0.0147242 0.0854082 0.0222009 0.0297967 0.0297967 0.0297913 0.1021731 0.1021731 0.0297967 0.1107664 0.1116511 0.0000010 0.0147242 0.0297967 0.1115987 0.0000010 0.0000010 0.0147242 0.0147242 0.0222009 0.0222009 0.0222313 0.0297967 0.0297967 0.0297967 0.0297913 0.0000000 0.0147242 0.0380720 0.0374412 0.0222313 0.0297555 0.0222313 0.0222009 0.0297922 0.0297913 0.0297555 0.0297967 0.0297967 0.0300393 0.0075826 0.0000010 0.0222660 0.0298336 0.0298476 0.0374999 0.1116511 0.0299809 0.0226982 0.1021731 0.1463275 0.1116511 0.0153901 0.0154118 
Porites_lutea_FJ423967.1       0.6543175 0.0000010 0.0000010 0.0000010 0.0684733 0.0072618 0.0146165 0.0146165 0.0146143 0.0846857 0.0846857 0.0146165 0.0929839 0.0936903 0.0147242 0.0000010 0.0146165 0.0936553 0.0147242 0.0147242 0.0000010 0.0000010 0.0072618 0.0072618 0.0072714 0.0146165 0.0146165 0.0146165 0.0146143 0.0147242 0.0000000 0.0223930 0.0220364 0.0072714 0.0145970 0.0072714 0.0072618 0.0146147 0.0146143 0.0145970 0.0146165 0.0146165 0.0147309 0.0075248 0.0149128 0.0072826 0.0146343 0.0146410 0.0220699 0.0936903 0.0147053 0.0074213 0.0846857 0.1272888 0.0936903 0.0075947 0.0076052 
Porites_astreoides_AY451374.1  0.6750881 0.0217665 0.0217665 0.0217665 0.0754717 0.0291729 0.0367068 0.0367068 0.0366998 0.0916645 0.0916645 0.0367068 0.0999590 0.1007225 0.0369856 0.0217665 0.0367068 0.1187121 0.0371959 0.0371959 0.0218877 0.0218877 0.0293363 0.0293363 0.0293764 0.0369139 0.0369139 0.0369139 0.0369068 0.0380720 0.0223930 0.0000000 0.0455767 0.0300591 0.0377228 0.0300591 0.0300171 0.0377701 0.0377688 0.0377228 0.0377763 0.0377763 0.0073198 0.0306911 0.0385775 0.0301063 0.0378237 0.0378419 0.0377763 0.1007225 0.0380131 0.0306993 0.0944468 0.1384917 0.1038285 0.0232254 0.0076461 
Porites_lobata_FJ423983.1      0.7029400 0.0220364 0.0220364 0.0220364 0.0928805 0.0145993 0.0072521 0.0072521 0.0220364 0.1096599 0.1096599 0.0220402 0.1182600 0.1192110 0.0374412 0.0220364 0.0220402 0.1020347 0.0374412 0.0374412 0.0220364 0.0220364 0.0145993 0.0145993 0.0295725 0.0072521 0.0072521 0.0220402 0.0220364 0.0374412 0.0220364 0.0455767 0.0000000 0.0145947 0.0220103 0.0295725 0.0145993 0.0220371 0.0220364 0.0220103 0.0072521 0.0220402 0.0374602 0.0306200 0.0379294 0.0146414 0.0072608 0.0072641 0.0295827 0.1192110 0.0072958 0.0149217 0.1096599 0.1538209 0.1192110 0.0152724 0.0309550 
Porites_rus_FJ423980.1         0.6721777 0.0072714 0.0072714 0.0072714 0.0765931 0.0146165 0.0072606 0.0072606 0.0220626 0.0930112 0.0930112 0.0220664 0.1014190 0.1022052 0.0222313 0.0072714 0.0220664 0.1021626 0.0222313 0.0222313 0.0072714 0.0072714 0.0146165 0.0146165 0.0146361 0.0072606 0.0072606 0.0220664 0.0220626 0.0222313 0.0072714 0.0300591 0.0145947 0.0000000 0.0220364 0.0146361 0.0146165 0.0220633 0.0220626 0.0220364 0.0072606 0.0220664 0.0222419 0.0151496 0.0225181 0.0146588 0.0072694 0.0072727 0.0296180 0.1022052 0.0073045 0.0149398 0.0930112 0.1361823 0.1022052 0.0152913 0.0153128 
Porites_lobata_FJ423974.1      0.6852308 0.0145970 0.0145970 0.0145970 0.0845673 0.0072532 0.0145993 0.0145993 0.0145970 0.1011362 0.1011362 0.0145993 0.1096242 0.1104880 0.0297555 0.0145970 0.0145993 0.0935386 0.0297555 0.0297555 0.0145970 0.0145970 0.0072532 0.0072532 0.0220364 0.0145993 0.0145993 0.0145993 0.0145970 0.0297555 0.0145970 0.0377228 0.0220103 0.0220364 0.0000000 0.0220364 0.0072532 0.0000010 0.0145970 0.0145798 0.0145993 0.0145993 0.0297700 0.0228121 0.0301408 0.0072740 0.0146170 0.0146237 0.0220437 0.1104880 0.0146879 0.0074124 0.1011362 0.1447171 0.1104880 0.0075854 0.0230594 
Porites_randalli_FJ423966.1    0.6363456 0.0072714 0.0072714 0.0072714 0.0765931 0.0146165 0.0220664 0.0220664 0.0220626 0.0930112 0.0930112 0.0220664 0.1014190 0.1022052 0.0222313 0.0072714 0.0072606 0.1021626 0.0222313 0.0222313 0.0072714 0.0072714 0.0146165 0.0146165 0.0000010 0.0220664 0.0220664 0.0072606 0.0220626 0.0222313 0.0072714 0.0300591 0.0295725 0.0146361 0.0220364 0.0000000 0.0146165 0.0220633 0.0220626 0.0220364 0.0220664 0.0072606 0.0222419 0.0151496 0.0225181 0.0146588 0.0220933 0.0221035 0.0146165 0.1022052 0.0222012 0.0149398 0.0930112 0.1361823 0.1022052 0.0152913 0.0153128 
Porites_solida_FJ423962.1      0.6698304 0.0072618 0.0072618 0.0072618 0.0764791 0.0000010 0.0072628 0.0072628 0.0072618 0.0928690 0.0928690 0.0072628 0.1012617 0.1020452 0.0222009 0.0072618 0.0072628 0.0852883 0.0222009 0.0222009 0.0072618 0.0072618 0.0000010 0.0000010 0.0146165 0.0072628 0.0072628 0.0072628 0.0072618 0.0222009 0.0072618 0.0300171 0.0145993 0.0146165 0.0072532 0.0146165 0.0000000 0.0072620 0.0072618 0.0072532 0.0072628 0.0072628 0.0222114 0.0151286 0.0224869 0.0000010 0.0072716 0.0072749 0.0146212 0.1020452 0.0073067 0.0000010 0.0928690 0.1359587 0.1020452 0.0000010 0.0152913 
Porites_lobata_FJ423973.1      0.6865384 0.0146147 0.0146147 0.0146147 0.0846745 0.0072620 0.0146170 0.0146170 0.0146147 0.1012657 0.1012657 0.0146170 0.1097654 0.1106316 0.0297922 0.0146147 0.0146170 0.0936588 0.0297922 0.0297922 0.0146147 0.0146147 0.0072620 0.0072620 0.0220633 0.0146170 0.0146170 0.0146170 0.0146147 0.0297922 0.0146147 0.0377701 0.0220371 0.0220633 0.0000010 0.0220633 0.0072620 0.0000000 0.0146147 0.0145974 0.0146170 0.0146170 0.0298068 0.0228409 0.0301786 0.0072828 0.0146348 0.0146414 0.0220706 0.1106316 0.0147058 0.0074216 0.1012657 0.1449074 0.1106316 0.0075949 0.0230888 
Porites_lutea_KF271436.1       0.6861965 0.0146143 0.0146143 0.0146143 0.0846714 0.0072618 0.0146165 0.0146165 0.0000010 0.1012617 0.1012617 0.0146165 0.1097609 0.1106270 0.0297913 0.0146143 0.0146165 0.0936553 0.0297913 0.0297913 0.0146143 0.0146143 0.0072618 0.0072618 0.0220626 0.0146165 0.0146165 0.0146165 0.0000010 0.0297913 0.0146143 0.0377688 0.0220364 0.0220626 0.0145970 0.0220626 0.0072618 0.0146147 0.0000000 0.0145970 0.0146165 0.0146165 0.0298059 0.0228402 0.0301776 0.0072826 0.0146343 0.0146410 0.0220699 0.1106270 0.0147053 0.0074213 0.1012617 0.1449006 0.1106270 0.0075947 0.0230881 
Porites_lutea_KF271415.1       0.6852308 0.0145970 0.0145970 0.0145970 0.0845673 0.0072532 0.0145993 0.0145993 0.0145970 0.1011362 0.1011362 0.0145993 0.1096242 0.1104880 0.0297555 0.0145970 0.0145993 0.0935386 0.0297555 0.0297555 0.0145970 0.0145970 0.0072532 0.0072532 0.0220364 0.0145993 0.0145993 0.0145993 0.0145970 0.0297555 0.0145970 0.0377228 0.0220103 0.0220364 0.0145798 0.0220364 0.0072532 0.0145974 0.0145970 0.0000000 0.0145993 0.0145993 0.0297700 0.0228121 0.0301408 0.0072740 0.0146170 0.0146237 0.0220437 0.1104880 0.0146879 0.0074124 0.1011362 0.1447171 0.1104880 0.0075854 0.0230594 
Porites_lobata_FJ423975.1      0.6876279 0.0146165 0.0146165 0.0146165 0.0846950 0.0072628 0.0000010 0.0000010 0.0146165 0.1012930 0.1012930 0.0146188 0.1097967 0.1106636 0.0297967 0.0146165 0.0146188 0.0936831 0.0297967 0.0297967 0.0146165 0.0146165 0.0072628 0.0072628 0.0220664 0.0000010 0.0000010 0.0146188 0.0146165 0.0297967 0.0146165 0.0377763 0.0072521 0.0072606 0.0145993 0.0220664 0.0072628 0.0146170 0.0146165 0.0145993 0.0000000 0.0146188 0.0298113 0.0228442 0.0301832 0.0072837 0.0000010 0.0000010 0.0220736 0.1106636 0.0000010 0.0074224 0.1012930 0.1449581 0.1106636 0.0075958 0.0230922 
Porites_lichen_FJ423963.1      0.6518897 0.0146165 0.0146165 0.0146165 0.0846950 0.0072628 0.0146188 0.0146188 0.0146165 0.1012930 0.1012930 0.0146188 0.1097967 0.1106636 0.0297967 0.0146165 0.0000010 0.0936831 0.0297967 0.0297967 0.0146165 0.0146165 0.0072628 0.0072628 0.0072606 0.0146188 0.0146188 0.0000010 0.0146165 0.0297967 0.0146165 0.0377763 0.0220402 0.0220664 0.0145993 0.0072606 0.0072628 0.0146170 0.0146165 0.0145993 0.0146188 0.0000000 0.0298113 0.0228442 0.0301832 0.0072837 0.0146366 0.0146433 0.0072628 0.1106636 0.0147077 0.0074224 0.1012930 0.1449581 0.1106636 0.0075958 0.0230922 
Porites_astreoides_FJ423961.1  0.6710452 0.0147309 0.0147309 0.0147309 0.0689587 0.0222114 0.0298113 0.0298113 0.0298059 0.0853073 0.0853073 0.0298113 0.0936789 0.0943975 0.0300393 0.0147309 0.0298113 0.1116764 0.0300393 0.0300393 0.0147309 0.0147309 0.0222114 0.0222114 0.0222419 0.0298113 0.0298113 0.0298113 0.0298059 0.0300393 0.0147309 0.0073198 0.0374602 0.0222419 0.0297700 0.0222419 0.0222114 0.0298068 0.0298059 0.0297700 0.0298113 0.0298113 0.0000000 0.0230325 0.0304322 0.0222765 0.0298482 0.0298623 0.0375190 0.0943975 0.0299957 0.0227092 0.0853073 0.1283139 0.0943975 0.0152913 0.0000010 
Porites_lobata_MN005655.1      0.6582298 0.0074194 0.0074194 0.0074194 0.0700297 0.0149155 0.0225204 0.0225204 0.0225165 0.0950141 0.0950141 0.0225204 0.1036150 0.1044384 0.0074755 0.0074194 0.0225204 0.1045307 0.0074755 0.0074755 0.0074194 0.0074194 0.0149155 0.0149155 0.0149359 0.0225204 0.0225204 0.0225204 0.0225165 0.0075826 0.0075248 0.0306911 0.0306200 0.0151496 0.0228121 0.0151496 0.0151286 0.0228409 0.0228402 0.0228121 0.0228442 0.0228442 0.0230325 0.0000000 0.0076827 0.0151738 0.0228731 0.0228442 0.0306689 0.1044384 0.0229887 0.0151930 0.0964562 0.1413800 0.1060489 0.0078729 0.0078842 
Porites_evermanni_FJ423984.1   0.6526688 0.0149128 0.0149128 0.0149128 0.0865648 0.0224869 0.0301832 0.0301832 0.0301776 0.0950865 0.0950865 0.0301832 0.1037058 0.1045319 0.0000010 0.0149128 0.0301832 0.1044860 0.0000010 0.0000010 0.0149128 0.0149128 0.0224869 0.0224869 0.0225181 0.0301832 0.0301832 0.0301832 0.0301776 0.0000010 0.0149128 0.0385775 0.0379294 0.0225181 0.0301408 0.0225181 0.0224869 0.0301786 0.0301776 0.0301408 0.0301832 0.0301832 0.0304322 0.0076827 0.0000000 0.0225536 0.0302210 0.0302354 0.0379898 0.1045319 0.0303722 0.0229973 0.0950865 0.1393888 0.1045319 0.0155963 0.0156186 
Porites_cylindrica_FJ423968.1  0.6730835 0.0072826 0.0072826 0.0072826 0.0767109 0.0000010 0.0072837 0.0072837 0.0072826 0.0931539 0.0931539 0.0072837 0.1015745 0.1023632 0.0222660 0.0072826 0.0072837 0.0855506 0.0222660 0.0222660 0.0072826 0.0072826 0.0000010 0.0000010 0.0146588 0.0072837 0.0072837 0.0072837 0.0072826 0.0222660 0.0072826 0.0301063 0.0146414 0.0146588 0.0072740 0.0146588 0.0000010 0.0072828 0.0072826 0.0072740 0.0072837 0.0072837 0.0222765 0.0151738 0.0225536 0.0000000 0.0072925 0.0072958 0.0146634 0.1023632 0.0073278 0.0000010 0.0931539 0.1363899 0.1023632 0.0000010 0.0153376 
Porites_compressa_FJ423982.1   0.6889444 0.0146343 0.0146343 0.0146343 0.0848026 0.0072716 0.0000010 0.0000010 0.0146343 0.1014230 0.1014230 0.0146366 0.1099383 0.1108076 0.0298336 0.0146343 0.0146366 0.0938037 0.0298336 0.0298336 0.0146343 0.0146343 0.0072716 0.0072716 0.0220933 0.0000010 0.0000010 0.0146366 0.0146343 0.0298336 0.0146343 0.0378237 0.0072608 0.0072694 0.0146170 0.0220933 0.0072716 0.0146348 0.0146343 0.0146170 0.0000010 0.0146366 0.0298482 0.0228731 0.0302210 0.0072925 0.0000000 0.0000010 0.0221006 0.1108076 0.0000010 0.0074316 0.1014230 0.1451491 0.1108076 0.0076054 0.0231217 
Porites_duerdeni_FJ423976.1    0.6896326 0.0146410 0.0146410 0.0146410 0.0848456 0.0072749 0.0000010 0.0000010 0.0146410 0.1014757 0.1014757 0.0146433 0.1099961 0.1108665 0.0298476 0.0146410 0.0146433 0.0938523 0.0298476 0.0298476 0.0146410 0.0146410 0.0072749 0.0072749 0.0221035 0.0000010 0.0000010 0.0146433 0.0146410 0.0298476 0.0146410 0.0378419 0.0072641 0.0072727 0.0146237 0.0221035 0.0072749 0.0146414 0.0146410 0.0146237 0.0000010 0.0146433 0.0298623 0.0228442 0.0302354 0.0072958 0.0000010 0.0000000 0.0221108 0.1108665 0.0000010 0.0074224 0.1014757 0.1452293 0.1108665 0.0076090 0.0231329 
Porites_rus_FJ423979.1         0.6698304 0.0220699 0.0220699 0.0220699 0.0930385 0.0146212 0.0220736 0.0220736 0.0220699 0.1098513 0.1098513 0.0220736 0.1184693 0.1194242 0.0374999 0.0220699 0.0072628 0.1022122 0.0374999 0.0374999 0.0220699 0.0220699 0.0146212 0.0146212 0.0146165 0.0220736 0.0220736 0.0072628 0.0220699 0.0374999 0.0220699 0.0377763 0.0295827 0.0296180 0.0220437 0.0146165 0.0146212 0.0220706 0.0220699 0.0220437 0.0220736 0.0072628 0.0375190 0.0306689 0.0379898 0.0146634 0.0221006 0.0221108 0.0000000 0.1194242 0.0222085 0.0149446 0.1098513 0.1541082 0.1194242 0.0152964 0.0310049 
Porites_branneri_AY451380.1    0.6592178 0.0909544 0.0909544 0.0909544 0.0668156 0.0990502 0.1073938 0.1073938 0.1073600 0.0070719 0.0070719 0.1073938 0.0142309 0.0000010 0.1083200 0.0909544 0.1073938 0.1090806 0.1089655 0.1089655 0.0914847 0.0914847 0.0996307 0.0996307 0.0997829 0.1080276 0.1080276 0.1080276 0.1079933 0.1116511 0.0936903 0.1007225 0.1192110 0.1022052 0.1104880 0.1022052 0.1020452 0.1106316 0.1106270 0.1104880 0.1106636 0.1106636 0.0943975 0.1044384 0.1045319 0.1023632 0.1108076 0.1108665 0.1194242 0.0000000 0.1113828 0.1044695 0.0072701 0.0450415 0.0000010 0.1069932 0.0893575 
Porites_compressa_FJ423970.1   0.6938981 0.0147053 0.0147053 0.0147053 0.0852324 0.0073067 0.0000010 0.0000010 0.0147053 0.1019420 0.1019420 0.0147077 0.1105038 0.1113828 0.0299809 0.0147053 0.0147077 0.0942855 0.0299809 0.0299809 0.0147053 0.0147053 0.0073067 0.0073067 0.0222012 0.0000010 0.0000010 0.0147077 0.0147053 0.0299809 0.0147053 0.0380131 0.0072958 0.0073045 0.0146879 0.0222012 0.0073067 0.0147058 0.0147053 0.0146879 0.0000010 0.0147077 0.0299957 0.0229887 0.0303722 0.0073278 0.0000010 0.0000010 0.0222085 0.1113828 0.0000000 0.0074683 0.1019420 0.1459113 0.1113828 0.0076439 0.0232399 
Porites_lutea_MN602012.1       0.6752957 0.0074213 0.0074213 0.0074213 0.0782480 0.0000010 0.0074224 0.0074224 0.0074213 0.0950417 0.0950417 0.0074224 0.1036455 0.1044695 0.0226982 0.0074213 0.0074224 0.0872894 0.0226982 0.0226982 0.0074213 0.0074213 0.0000010 0.0000010 0.0149398 0.0074224 0.0074224 0.0074224 0.0074213 0.0226982 0.0074213 0.0306993 0.0149217 0.0149398 0.0074124 0.0149398 0.0000010 0.0074216 0.0074213 0.0074124 0.0074224 0.0074224 0.0227092 0.0151930 0.0229973 0.0000010 0.0074316 0.0074224 0.0149446 0.1044695 0.0074683 0.0000000 0.0950417 0.1392400 0.1044695 0.0000010 0.0155771 
Porites_panamensis_FJ423990.1  0.6560206 0.0846857 0.0846857 0.0846857 0.0603191 0.0928690 0.1012930 0.1012930 0.1012617 0.0000010 0.0000010 0.1012930 0.0072255 0.0072701 0.1021731 0.0846857 0.1012930 0.1021482 0.1021731 0.1021731 0.0846857 0.0846857 0.0928690 0.0928690 0.0930112 0.1012930 0.1012930 0.1012930 0.1012617 0.1021731 0.0846857 0.0944468 0.1096599 0.0930112 0.1011362 0.0930112 0.0928690 0.1012657 0.1012617 0.1011362 0.1012930 0.1012930 0.0853073 0.0964562 0.0950865 0.0931539 0.1014230 0.1014757 0.1098513 0.0072701 0.1019420 0.0950417 0.0000000 0.0370475 0.0072701 0.0974294 0.0801652 
Porites_colonensis_FJ423972.1  0.6759505 0.1272888 0.1272888 0.1272888 0.1012585 0.1359587 0.1449581 0.1449581 0.1449006 0.0370475 0.0370475 0.1449581 0.0447386 0.0450415 0.1463275 0.1272888 0.1449581 0.1284757 0.1463275 0.1463275 0.1272888 0.1272888 0.1359587 0.1359587 0.1361823 0.1449581 0.1449581 0.1449581 0.1449006 0.1463275 0.1272888 0.1384917 0.1538209 0.1361823 0.1447171 0.1361823 0.1359587 0.1449074 0.1449006 0.1447171 0.1449581 0.1449581 0.1283139 0.1413800 0.1393888 0.1363899 0.1451491 0.1452293 0.1541082 0.0450415 0.1459113 0.1392400 0.0370475 0.0000000 0.0450415 0.1428680 0.1244399 
Porites_divaricata_FJ423969.1  0.6913390 0.0936903 0.0936903 0.0936903 0.0687839 0.1020452 0.1106636 0.1106636 0.1106270 0.0072701 0.0072701 0.1106636 0.0146323 0.0000010 0.1116511 0.0936903 0.1106636 0.1116260 0.1116511 0.1116511 0.0936903 0.0936903 0.1020452 0.1020452 0.1022052 0.1106636 0.1106636 0.1106636 0.1106270 0.1116511 0.0936903 0.1038285 0.1192110 0.1022052 0.1104880 0.1022052 0.1020452 0.1106316 0.1106270 0.1104880 0.1106636 0.1106636 0.0943975 0.1060489 0.1045319 0.1023632 0.1108076 0.1108665 0.1194242 0.0000010 0.1113828 0.1044695 0.0072701 0.0450415 0.0000000 0.1071382 0.0894773 
Porites_lutea_AB441243.1       0.7043375 0.0075851 0.0075851 0.0075851 0.0800819 0.0000010 0.0075863 0.0075863 0.0075851 0.0972994 0.0972994 0.0075863 0.1061256 0.1069932 0.0153704 0.0075851 0.0075863 0.0893674 0.0153704 0.0153704 0.0075851 0.0075851 0.0000010 0.0000010 0.0152719 0.0075863 0.0075863 0.0075863 0.0075851 0.0153901 0.0075947 0.0232254 0.0152724 0.0152913 0.0075854 0.0152913 0.0000010 0.0075949 0.0075947 0.0075854 0.0075958 0.0075958 0.0152913 0.0078729 0.0155963 0.0000010 0.0076054 0.0076090 0.0152964 0.1069932 0.0076439 0.0000010 0.0974294 0.1428680 0.1071382 0.0000000 0.0152719 
Porites_astreoides_AB441242.1  0.6685883 0.0075956 0.0075956 0.0075956 0.0632624 0.0152719 0.0230627 0.0230627 0.0230586 0.0800594 0.0800594 0.0230627 0.0886613 0.0893575 0.0153921 0.0075956 0.0230627 0.1071204 0.0153921 0.0153921 0.0075956 0.0075956 0.0152719 0.0152719 0.0152933 0.0230627 0.0230627 0.0230627 0.0230586 0.0154118 0.0076052 0.0076461 0.0309550 0.0153128 0.0230594 0.0153128 0.0152913 0.0230888 0.0230881 0.0230594 0.0230922 0.0230922 0.0000010 0.0078842 0.0156186 0.0153376 0.0231217 0.0231329 0.0310049 0.0893575 0.0232399 0.0155771 0.0801652 0.1244399 0.0894773 0.0152719 0.0000000 
