57
ref_NC_037435.1_               0.0000000 0.0064713 0.0064713 0.0822031 0.0339530 0.0196145 0.0196145 0.0196120 0.0822157 0.0822157 0.0203581 0.0895871 0.0901852 0.0490111 0.0343779 0.0133310 0.1023450 0.0140190 0.0140190 0.0000010 0.0000010 0.0069187 0.0069187 0.0069274 0.0139215 0.0139215 0.0139215 0.0139731 0.0144322 0.0000010 0.0213279 0.0215998 0.0071291 0.0143100 0.0071291 0.0071199 0.0143274 0.0143269 0.0143100 0.0143288 0.0143288 0.0144384 0.6027406 0.0072744 0.0146170 0.0071404 0.0143462 0.0143528 0.0216320 0.0890173 0.0144158 0.0072763 0.0829091 0.1245227 0.0916901 0.0074369 0.0074470 
Porites_lutea_KU159432.1       0.0064713 0.0000000 0.0000010 0.0744182 0.0412304 0.0129279 0.0129279 0.0129263 0.0744294 0.0744294 0.0134121 0.0816594 0.0821905 0.0486976 0.0341663 0.0133310 0.0937569 0.0140190 0.0140190 0.0000010 0.0000010 0.0069187 0.0069187 0.0069274 0.0139215 0.0139215 0.0139215 0.0139731 0.0144322 0.0000010 0.0213279 0.0215998 0.0071291 0.0143100 0.0071291 0.0071199 0.0143274 0.0143269 0.0143100 0.0143288 0.0143288 0.0144384 0.6027406 0.0072744 0.0146170 0.0071404 0.0143462 0.0143528 0.0216320 0.0890173 0.0144158 0.0072763 0.0829091 0.1245227 0.0916901 0.0074369 0.0074470 
Porites_rus_LN864762.1         0.0064713 0.0000010 0.0000000 0.0744182 0.0412304 0.0129279 0.0129279 0.0129263 0.0744294 0.0744294 0.0134121 0.0816594 0.0821905 0.0486976 0.0341663 0.0133310 0.0937569 0.0140190 0.0140190 0.0000010 0.0000010 0.0069187 0.0069187 0.0069274 0.0139215 0.0139215 0.0139215 0.0139731 0.0144322 0.0000010 0.0213279 0.0215998 0.0071291 0.0143100 0.0071291 0.0071199 0.0143274 0.0143269 0.0143100 0.0143288 0.0143288 0.0144384 0.6027406 0.0072744 0.0146170 0.0071404 0.0143462 0.0143528 0.0216320 0.0890173 0.0144158 0.0072763 0.0829091 0.1245227 0.0916901 0.0074369 0.0074470 
ref_NC_037434.1_               0.0822031 0.0744182 0.0744182 0.0000000 0.1082455 0.0888790 0.0888790 0.0888583 0.0671121 0.0671121 0.0848922 0.0742431 0.0747165 0.1250406 0.1082084 0.0842512 0.0938523 0.0810823 0.0810823 0.0650778 0.0650778 0.0726660 0.0726660 0.0727685 0.0804428 0.0804428 0.0804428 0.0807479 0.0835974 0.0670560 0.0738721 0.0909164 0.0749947 0.0827936 0.0749947 0.0748856 0.0828985 0.0828953 0.0827936 0.0829158 0.0829158 0.0675190 0.5709548 0.0685776 0.0847273 0.0751123 0.0830210 0.0830630 0.0910678 0.0654219 0.0834412 0.0766152 0.0590795 0.0991028 0.0673465 0.0784082 0.0619605 
Porites_lutea_MN690335.1       0.0339530 0.0412304 0.0412304 0.1082455 0.0000000 0.0412372 0.0412372 0.0412304 0.1240498 0.1240498 0.0348888 0.1321472 0.1331517 0.0562693 0.0414382 0.0204625 0.1042546 0.0283519 0.0283519 0.0139215 0.0139215 0.0069195 0.0069195 0.0210100 0.0139233 0.0139233 0.0139233 0.0069451 0.0217577 0.0071199 0.0285811 0.0143119 0.0143288 0.0071116 0.0143288 0.0000010 0.0071202 0.0071199 0.0071116 0.0071208 0.0071208 0.0217675 0.6171927 0.0146221 0.0220379 0.0000010 0.0071294 0.0071326 0.0143330 0.0969266 0.0071638 0.0000010 0.0909079 0.1329852 0.0998516 0.0000010 0.0149712 
Porites_lobata_KU761954.1      0.0196145 0.0129279 0.0129279 0.0888790 0.0412372 0.0000000 0.0000010 0.0129279 0.0888925 0.0888925 0.0134138 0.0962801 0.0969277 0.0633044 0.0483480 0.0133326 0.0937807 0.0283519 0.0283519 0.0139215 0.0139215 0.0069195 0.0069195 0.0210100 0.0000010 0.0000010 0.0139233 0.0139749 0.0291970 0.0143288 0.0359561 0.0071104 0.0071188 0.0143119 0.0216286 0.0071208 0.0143293 0.0143288 0.0143119 0.0000010 0.0143307 0.0292106 0.6336242 0.0220738 0.0295755 0.0071412 0.0000010 0.0000010 0.0216352 0.1050721 0.0000010 0.0072773 0.0991364 0.1417603 0.1082644 0.0074379 0.0226048 
Porites_lobata_KU572435.1      0.0196145 0.0129279 0.0129279 0.0888790 0.0412372 0.0000010 0.0000000 0.0129279 0.0888925 0.0888925 0.0134138 0.0962801 0.0969277 0.0633044 0.0483480 0.0133326 0.0937807 0.0283519 0.0283519 0.0139215 0.0139215 0.0069195 0.0069195 0.0210100 0.0000010 0.0000010 0.0139233 0.0139749 0.0291970 0.0143288 0.0359561 0.0071104 0.0071188 0.0143119 0.0216286 0.0071208 0.0143293 0.0143288 0.0143119 0.0000010 0.0143307 0.0292106 0.6336242 0.0220738 0.0295755 0.0071412 0.0000010 0.0000010 0.0216352 0.1050721 0.0000010 0.0072773 0.0991364 0.1417603 0.1082644 0.0074379 0.0226048 
Porites_okinawensis_JF825142.1 0.0196120 0.0129263 0.0129263 0.0888583 0.0412304 0.0129279 0.0129279 0.0000000 0.0888718 0.0888718 0.0134121 0.0962565 0.0969036 0.0632916 0.0483394 0.0133310 0.0937569 0.0283476 0.0283476 0.0139197 0.0139197 0.0069187 0.0069187 0.0210071 0.0139215 0.0139215 0.0139215 0.0000010 0.0291924 0.0143269 0.0359502 0.0215998 0.0216254 0.0143100 0.0216254 0.0071199 0.0143274 0.0000010 0.0143100 0.0143288 0.0143288 0.0292060 0.6324892 0.0220705 0.0295707 0.0071404 0.0143462 0.0143528 0.0216320 0.1050424 0.0144158 0.0072763 0.0991089 0.1417093 0.1082322 0.0074369 0.0226014 
Porites_panamensis_KU761953.1  0.0822157 0.0744294 0.0744294 0.0671121 0.1240498 0.0888925 0.0888925 0.0888718 0.0000000 0.0000010 0.0924220 0.0063987 0.0064335 0.1330744 0.1159984 0.0918260 0.1015890 0.0969348 0.0969348 0.0804368 0.0804368 0.0881843 0.0881843 0.0883120 0.0961476 0.0961476 0.0961476 0.0965138 0.0999764 0.0829091 0.0896941 0.1073097 0.0910439 0.0989864 0.0910439 0.0909079 0.0991130 0.0991089 0.0989864 0.0991364 0.0991364 0.0835014 0.6039563 0.0930034 0.0930535 0.0911864 0.0992634 0.0993147 0.1074930 0.0069327 0.0997705 0.0930311 0.0000010 0.0363040 0.0071270 0.0952371 0.0783885 
Porites_sverdrupi_KU956960.1   0.0822157 0.0744294 0.0744294 0.0671121 0.1240498 0.0888925 0.0888925 0.0888718 0.0000010 0.0000000 0.0924220 0.0063987 0.0064335 0.1330744 0.1159984 0.0918260 0.1015890 0.0969348 0.0969348 0.0804368 0.0804368 0.0881843 0.0881843 0.0883120 0.0961476 0.0961476 0.0961476 0.0965138 0.0999764 0.0829091 0.0896941 0.1073097 0.0910439 0.0989864 0.0910439 0.0909079 0.0991130 0.0991089 0.0989864 0.0991364 0.0991364 0.0835014 0.6039563 0.0930034 0.0930535 0.0911864 0.0992634 0.0993147 0.1074930 0.0069327 0.0997705 0.0930311 0.0000010 0.0363040 0.0071270 0.0952371 0.0783885 
Porites_cf_MN602014.1          0.0203581 0.0134121 0.0134121 0.0848922 0.0348888 0.0134138 0.0134138 0.0134121 0.0924220 0.0924220 0.0000000 0.1001250 0.1008297 0.0567708 0.0418041 0.0138483 0.0937807 0.0283519 0.0283519 0.0139215 0.0139215 0.0069195 0.0069195 0.0210100 0.0139233 0.0139233 0.0139233 0.0139749 0.0291970 0.0143288 0.0359561 0.0216029 0.0216286 0.0143119 0.0216286 0.0071208 0.0143293 0.0143288 0.0143119 0.0143307 0.0143307 0.0292106 0.6336242 0.0220738 0.0295755 0.0071412 0.0143481 0.0143547 0.0216352 0.1050721 0.0144178 0.0072773 0.0991364 0.1417603 0.1082644 0.0074379 0.0226048 
Porites_panamensis_KJ546638.1  0.0895871 0.0816594 0.0816594 0.0742431 0.1321472 0.0962801 0.0962801 0.0962565 0.0063987 0.0063987 0.1001250 0.0000000 0.0129388 0.1413326 0.1239892 0.0994753 0.1095147 0.1050512 0.1050512 0.0882898 0.0882898 0.0961222 0.0961222 0.0962633 0.1041849 0.1041849 0.1041849 0.1045827 0.1083681 0.0910200 0.0977950 0.1157084 0.0992593 0.1072783 0.0992593 0.0991089 0.1074163 0.1074117 0.1072783 0.1074431 0.1074431 0.0916818 0.6039563 0.1014070 0.1014726 0.0994145 0.1075815 0.1076378 0.1159086 0.0139490 0.1081338 0.1014377 0.0070844 0.0438347 0.0143424 0.1038602 0.0867978 
Porites_porites_DQ643837.1     0.0901852 0.0821905 0.0821905 0.0747165 0.1331517 0.0969277 0.0969277 0.0969036 0.0064335 0.0064335 0.1008297 0.0129388 0.0000000 0.1424380 0.1249127 0.1001702 0.1103142 0.1058340 0.1058340 0.0889175 0.0889175 0.0968175 0.0968175 0.0969608 0.1049530 0.1049530 0.1049530 0.1053571 0.1092057 0.0916901 0.0985181 0.1166088 0.1000045 0.1080967 0.1000045 0.0998516 0.1082370 0.1082322 0.1080967 0.1082644 0.1082644 0.0923631 0.6342612 0.1021875 0.1022551 0.1001622 0.1084050 0.1084623 0.1168126 0.0000010 0.1089666 0.1022187 0.0071270 0.0441231 0.0000010 0.1046824 0.0874584 
Porites_monticulosa_MN690338.1 0.0490111 0.0486976 0.0486976 0.1250406 0.0562693 0.0633044 0.0633044 0.0632916 0.1330744 0.1330744 0.0567708 0.1413326 0.1424380 0.0000000 0.0135014 0.0421861 0.1457026 0.0069323 0.0069323 0.0211593 0.0211593 0.0283519 0.0283519 0.0283893 0.0356631 0.0356631 0.0356631 0.0284585 0.0000010 0.0144322 0.0362233 0.0366826 0.0217869 0.0291575 0.0217869 0.0217577 0.0291935 0.0291924 0.0291575 0.0291970 0.0291970 0.0294293 0.6050246 0.0073282 0.0000010 0.0218215 0.0292332 0.0292469 0.0367391 0.1059552 0.0293774 0.0222449 0.0999764 0.1430629 0.1092057 0.0150655 0.0150863 
Porites_rus_MN690339.1         0.0343779 0.0341663 0.0341663 0.1082084 0.0414382 0.0483480 0.0483480 0.0483394 0.1159984 0.1159984 0.0418041 0.1239892 0.1249127 0.0135014 0.0000000 0.0276206 0.1277248 0.0211593 0.0211593 0.0069274 0.0069274 0.0139215 0.0139215 0.0139392 0.0210100 0.0210100 0.0210100 0.0139731 0.0144322 0.0000010 0.0213279 0.0215998 0.0071291 0.0143100 0.0071291 0.0071199 0.0143274 0.0143269 0.0143100 0.0143288 0.0143288 0.0144384 0.6027406 0.0072744 0.0146170 0.0071404 0.0143462 0.0143528 0.0216320 0.0890173 0.0144158 0.0072763 0.0829091 0.1245227 0.0916901 0.0074369 0.0074470 
Porites_cf_AB907073.1          0.0133310 0.0133310 0.0133310 0.0842512 0.0204625 0.0133326 0.0133326 0.0133310 0.0918260 0.0918260 0.0138483 0.0994753 0.1001702 0.0421861 0.0276206 0.0000000 0.0890277 0.0283519 0.0283519 0.0139215 0.0139215 0.0069195 0.0069195 0.0069176 0.0139233 0.0139233 0.0000010 0.0139749 0.0291970 0.0143288 0.0359561 0.0216029 0.0216286 0.0143119 0.0071188 0.0071208 0.0143293 0.0143288 0.0143119 0.0143307 0.0000010 0.0292106 0.6006959 0.0220738 0.0295755 0.0071412 0.0143481 0.0143547 0.0071208 0.1050721 0.0144178 0.0072773 0.0991364 0.1417603 0.1082644 0.0074379 0.0226048 
Porites_compressa_KY888879.1   0.1023450 0.0937569 0.0937569 0.0938523 0.1042546 0.0937807 0.0937807 0.0937569 0.1015890 0.1015890 0.0937807 0.1095147 0.1103142 0.1457026 0.1277248 0.0890277 0.0000000 0.1059320 0.1059320 0.0890051 0.0890051 0.0810804 0.0810804 0.0970533 0.0890277 0.0890277 0.0890277 0.0893691 0.1091652 0.0916642 0.1160760 0.0998476 0.0999723 0.0915504 0.0999723 0.0834877 0.0916680 0.0916642 0.0915504 0.0916886 0.0916886 0.1092373 0.5058687 0.1022876 0.1022202 0.0837441 0.0918064 0.0918538 0.1000175 0.1066938 0.0922772 0.0854431 0.0999489 0.1256452 0.1091776 0.0874735 0.1048133 
Porites_lutea_LT558159.1       0.0140190 0.0140190 0.0140190 0.0810823 0.0283519 0.0283519 0.0283519 0.0283476 0.0969348 0.0969348 0.0283519 0.1050512 0.1058340 0.0069323 0.0211593 0.0283519 0.1059320 0.0000000 0.0000010 0.0140190 0.0140190 0.0211318 0.0211318 0.0211593 0.0283519 0.0283519 0.0283519 0.0284585 0.0000010 0.0144322 0.0364289 0.0366826 0.0217869 0.0291575 0.0217869 0.0217577 0.0291935 0.0291924 0.0291575 0.0291970 0.0291970 0.0294293 0.6100949 0.0073282 0.0000010 0.0218215 0.0292332 0.0292469 0.0367391 0.1065848 0.0293774 0.0222449 0.0999764 0.1430629 0.1092057 0.0150655 0.0150863 
Porites_evermanni_LT558157.1   0.0140190 0.0140190 0.0140190 0.0810823 0.0283519 0.0283519 0.0283519 0.0283476 0.0969348 0.0969348 0.0283519 0.1050512 0.1058340 0.0069323 0.0211593 0.0283519 0.1059320 0.0000010 0.0000000 0.0140190 0.0140190 0.0211318 0.0211318 0.0211593 0.0283519 0.0283519 0.0283519 0.0284585 0.0000010 0.0144322 0.0364289 0.0366826 0.0217869 0.0291575 0.0217869 0.0217577 0.0291935 0.0291924 0.0291575 0.0291970 0.0291970 0.0294293 0.6100949 0.0073282 0.0000010 0.0218215 0.0292332 0.0292469 0.0367391 0.1065848 0.0293774 0.0222449 0.0999764 0.1430629 0.1092057 0.0150655 0.0150863 
Porites_rus_LT558165.1         0.0000010 0.0000010 0.0000010 0.0650778 0.0139215 0.0139215 0.0139215 0.0139197 0.0804368 0.0804368 0.0139215 0.0882898 0.0889175 0.0211593 0.0069274 0.0139215 0.0890051 0.0140190 0.0140190 0.0000000 0.0000010 0.0069187 0.0069187 0.0069274 0.0139215 0.0139215 0.0139215 0.0139731 0.0144322 0.0000010 0.0214466 0.0215998 0.0071291 0.0143100 0.0071291 0.0071199 0.0143274 0.0143269 0.0143100 0.0143288 0.0143288 0.0144384 0.6079805 0.0072744 0.0146170 0.0071404 0.0143462 0.0143528 0.0216320 0.0895350 0.0144158 0.0072763 0.0829091 0.1245227 0.0916901 0.0074369 0.0074470 
Porites_rus_LT558164.1         0.0000010 0.0000010 0.0000010 0.0650778 0.0139215 0.0139215 0.0139215 0.0139197 0.0804368 0.0804368 0.0139215 0.0882898 0.0889175 0.0211593 0.0069274 0.0139215 0.0890051 0.0140190 0.0140190 0.0000010 0.0000000 0.0069187 0.0069187 0.0069274 0.0139215 0.0139215 0.0139215 0.0139731 0.0144322 0.0000010 0.0214466 0.0215998 0.0071291 0.0143100 0.0071291 0.0071199 0.0143274 0.0143269 0.0143100 0.0143288 0.0143288 0.0144384 0.6079805 0.0072744 0.0146170 0.0071404 0.0143462 0.0143528 0.0216320 0.0895350 0.0144158 0.0072763 0.0829091 0.1245227 0.0916901 0.0074369 0.0074470 
Porites_lobata_LT558153.1      0.0069187 0.0069187 0.0069187 0.0726660 0.0069195 0.0069195 0.0069195 0.0069187 0.0881843 0.0881843 0.0069195 0.0961222 0.0968175 0.0283519 0.0139215 0.0069195 0.0810804 0.0211318 0.0211318 0.0069187 0.0069187 0.0000000 0.0000010 0.0139215 0.0069195 0.0069195 0.0069195 0.0069451 0.0217577 0.0071199 0.0287410 0.0143119 0.0143288 0.0071116 0.0143288 0.0000010 0.0071202 0.0071199 0.0071116 0.0071208 0.0071208 0.0217675 0.6225334 0.0146221 0.0220379 0.0000010 0.0071294 0.0071326 0.0143330 0.0974932 0.0071638 0.0000010 0.0909079 0.1329852 0.0998516 0.0000010 0.0149712 
Porites_compressa_LT558147.1   0.0069187 0.0069187 0.0069187 0.0726660 0.0069195 0.0069195 0.0069195 0.0069187 0.0881843 0.0881843 0.0069195 0.0961222 0.0968175 0.0283519 0.0139215 0.0069195 0.0810804 0.0211318 0.0211318 0.0069187 0.0069187 0.0000010 0.0000000 0.0139215 0.0069195 0.0069195 0.0069195 0.0069451 0.0217577 0.0071199 0.0287410 0.0143119 0.0143288 0.0071116 0.0143288 0.0000010 0.0071202 0.0071199 0.0071116 0.0071208 0.0071208 0.0217675 0.6225334 0.0146221 0.0220379 0.0000010 0.0071294 0.0071326 0.0143330 0.0974932 0.0071638 0.0000010 0.0909079 0.1329852 0.0998516 0.0000010 0.0149712 
Porites_randalli_LT558145.1    0.0069274 0.0069274 0.0069274 0.0727685 0.0210100 0.0210100 0.0210100 0.0210071 0.0883120 0.0883120 0.0210100 0.0962633 0.0969608 0.0283893 0.0139392 0.0069176 0.0970533 0.0211593 0.0211593 0.0069274 0.0069274 0.0139215 0.0139215 0.0000000 0.0210100 0.0210100 0.0069176 0.0210882 0.0217869 0.0071291 0.0287795 0.0289820 0.0143477 0.0215998 0.0000010 0.0143288 0.0216262 0.0216254 0.0215998 0.0216286 0.0071188 0.0217967 0.5913692 0.0146417 0.0220678 0.0143702 0.0216550 0.0216650 0.0143288 0.0976387 0.0217606 0.0146456 0.0910439 0.1331985 0.1000045 0.0149712 0.0149918 
Porites_lobata_LT558154.1      0.0139215 0.0139215 0.0139215 0.0804428 0.0139233 0.0000010 0.0000010 0.0139215 0.0961476 0.0961476 0.0139233 0.1041849 0.1049530 0.0356631 0.0210100 0.0139233 0.0890277 0.0283519 0.0283519 0.0139215 0.0139215 0.0069195 0.0069195 0.0210100 0.0000000 0.0000010 0.0139233 0.0139749 0.0291970 0.0143288 0.0361587 0.0071104 0.0071188 0.0143119 0.0216286 0.0071208 0.0143293 0.0143288 0.0143119 0.0000010 0.0143307 0.0292106 0.6390939 0.0220738 0.0295755 0.0071412 0.0000010 0.0000010 0.0216352 0.1056906 0.0000010 0.0072773 0.0991364 0.1417603 0.1082644 0.0074379 0.0226048 
Porites_lobata_LT558152.1      0.0139215 0.0139215 0.0139215 0.0804428 0.0139233 0.0000010 0.0000010 0.0139215 0.0961476 0.0961476 0.0139233 0.1041849 0.1049530 0.0356631 0.0210100 0.0139233 0.0890277 0.0283519 0.0283519 0.0139215 0.0139215 0.0069195 0.0069195 0.0210100 0.0000010 0.0000000 0.0139233 0.0139749 0.0291970 0.0143288 0.0361587 0.0071104 0.0071188 0.0143119 0.0216286 0.0071208 0.0143293 0.0143288 0.0143119 0.0000010 0.0143307 0.0292106 0.6390939 0.0220738 0.0295755 0.0071412 0.0000010 0.0000010 0.0216352 0.1056906 0.0000010 0.0072773 0.0991364 0.1417603 0.1082644 0.0074379 0.0226048 
Porites_rus_LT558144.1         0.0139215 0.0139215 0.0139215 0.0804428 0.0139233 0.0139233 0.0139233 0.0139215 0.0961476 0.0961476 0.0139233 0.1041849 0.1049530 0.0356631 0.0210100 0.0000010 0.0890277 0.0283519 0.0283519 0.0139215 0.0139215 0.0069195 0.0069195 0.0069176 0.0139233 0.0139233 0.0000000 0.0139749 0.0291970 0.0143288 0.0361587 0.0216029 0.0216286 0.0143119 0.0071188 0.0071208 0.0143293 0.0143288 0.0143119 0.0143307 0.0000010 0.0292106 0.6058996 0.0220738 0.0295755 0.0071412 0.0143481 0.0143547 0.0071208 0.1056906 0.0144178 0.0072773 0.0991364 0.1417603 0.1082644 0.0074379 0.0226048 
Porites_cf_MN602016.1          0.0139731 0.0139731 0.0139731 0.0807479 0.0069451 0.0139749 0.0139749 0.0000010 0.0965138 0.0965138 0.0139749 0.1045827 0.1053571 0.0284585 0.0139731 0.0139749 0.0893691 0.0284585 0.0284585 0.0139731 0.0139731 0.0069451 0.0069451 0.0210882 0.0139749 0.0139749 0.0139749 0.0000000 0.0291924 0.0143269 0.0361526 0.0215998 0.0216254 0.0143100 0.0216254 0.0071199 0.0143274 0.0000010 0.0143100 0.0143288 0.0143288 0.0292060 0.6379336 0.0220705 0.0295707 0.0071404 0.0143462 0.0143528 0.0216320 0.1056604 0.0144158 0.0072763 0.0991089 0.1417093 0.1082322 0.0074369 0.0226014 
Porites_lichen_FJ423964.1      0.0144322 0.0144322 0.0144322 0.0835974 0.0217577 0.0291970 0.0291970 0.0291924 0.0999764 0.0999764 0.0291970 0.1083681 0.1092057 0.0000010 0.0144322 0.0291970 0.1091652 0.0000010 0.0000010 0.0144322 0.0144322 0.0217577 0.0217577 0.0217869 0.0291970 0.0291970 0.0291970 0.0291924 0.0000000 0.0144322 0.0372862 0.0366826 0.0217869 0.0291575 0.0217869 0.0217577 0.0291935 0.0291924 0.0291575 0.0291970 0.0291970 0.0294293 0.6318088 0.0074331 0.0000010 0.0218215 0.0292332 0.0292469 0.0367391 0.1092057 0.0293774 0.0222449 0.0999764 0.1430629 0.1092057 0.0150847 0.0151056 
Porites_lutea_FJ423967.1       0.0000010 0.0000010 0.0000010 0.0670560 0.0071199 0.0143288 0.0143288 0.0143269 0.0829091 0.0829091 0.0143288 0.0910200 0.0916901 0.0144322 0.0000010 0.0143288 0.0916642 0.0144322 0.0144322 0.0000010 0.0000010 0.0071199 0.0071199 0.0071291 0.0143288 0.0143288 0.0143288 0.0143269 0.0144322 0.0000000 0.0219415 0.0215998 0.0071291 0.0143100 0.0071291 0.0071199 0.0143274 0.0143269 0.0143100 0.0143288 0.0143288 0.0144384 0.6304749 0.0073778 0.0146170 0.0071404 0.0143462 0.0143528 0.0216320 0.0916901 0.0144158 0.0072763 0.0829091 0.1245227 0.0916901 0.0074463 0.0074564 
Porites_astreoides_AY451374.1  0.0213279 0.0213279 0.0213279 0.0738721 0.0285811 0.0359561 0.0359561 0.0359502 0.0896941 0.0896941 0.0359561 0.0977950 0.0985181 0.0362233 0.0213279 0.0359561 0.1160760 0.0364289 0.0364289 0.0214466 0.0214466 0.0287410 0.0287410 0.0287795 0.0361587 0.0361587 0.0361587 0.0361526 0.0372862 0.0219415 0.0000000 0.0446369 0.0294479 0.0369515 0.0294479 0.0294076 0.0369978 0.0369964 0.0369515 0.0370028 0.0370028 0.0071756 0.6485747 0.0300671 0.0377805 0.0294949 0.0370492 0.0370670 0.0370028 0.0985181 0.0372345 0.0300754 0.0924111 0.1353893 0.1015485 0.0227607 0.0074955 
Porites_lobata_FJ423983.1      0.0215998 0.0215998 0.0215998 0.0909164 0.0143119 0.0071104 0.0071104 0.0215998 0.1073097 0.1073097 0.0216029 0.1157084 0.1166088 0.0366826 0.0215998 0.0216029 0.0998476 0.0366826 0.0366826 0.0215998 0.0215998 0.0143119 0.0143119 0.0289820 0.0071104 0.0071104 0.0216029 0.0215998 0.0366826 0.0215998 0.0446369 0.0000000 0.0143078 0.0215743 0.0289820 0.0143119 0.0216006 0.0215998 0.0215743 0.0071104 0.0216029 0.0367002 0.6774897 0.0300086 0.0371605 0.0143533 0.0071190 0.0071222 0.0289912 0.1166088 0.0071533 0.0146280 0.1073097 0.1504067 0.1166088 0.0149717 0.0303361 
Porites_rus_FJ423980.1         0.0071291 0.0071291 0.0071291 0.0749947 0.0143288 0.0071188 0.0071188 0.0216254 0.0910439 0.0910439 0.0216286 0.0992593 0.1000045 0.0217869 0.0071291 0.0216286 0.0999723 0.0217869 0.0217869 0.0071291 0.0071291 0.0143288 0.0143288 0.0143477 0.0071188 0.0071188 0.0216286 0.0216254 0.0217869 0.0071291 0.0294479 0.0143078 0.0000000 0.0215998 0.0143477 0.0143288 0.0216262 0.0216254 0.0215998 0.0071188 0.0216286 0.0217967 0.6476444 0.0148511 0.0220678 0.0143702 0.0071274 0.0071306 0.0290257 0.1000045 0.0071618 0.0146456 0.0910439 0.1331985 0.1000045 0.0149902 0.0150108 
Porites_lobata_FJ423974.1      0.0143100 0.0143100 0.0143100 0.0827936 0.0071116 0.0143119 0.0143119 0.0143100 0.0989864 0.0989864 0.0143119 0.1072783 0.1080967 0.0291575 0.0143100 0.0143119 0.0915504 0.0291575 0.0291575 0.0143100 0.0143100 0.0071116 0.0071116 0.0215998 0.0143119 0.0143119 0.0143119 0.0143100 0.0291575 0.0143100 0.0369515 0.0215743 0.0215998 0.0000000 0.0215998 0.0071116 0.0000010 0.0143100 0.0142932 0.0143119 0.0143119 0.0291710 0.6604030 0.0223603 0.0295348 0.0071320 0.0143293 0.0143358 0.0216064 0.1080967 0.0143987 0.0072676 0.0989864 0.1415305 0.1080967 0.0074372 0.0226022 
Porites_randalli_FJ423966.1    0.0071291 0.0071291 0.0071291 0.0749947 0.0143288 0.0216286 0.0216286 0.0216254 0.0910439 0.0910439 0.0216286 0.0992593 0.1000045 0.0217869 0.0071291 0.0071188 0.0999723 0.0217869 0.0217869 0.0071291 0.0071291 0.0143288 0.0143288 0.0000010 0.0216286 0.0216286 0.0071188 0.0216254 0.0217869 0.0071291 0.0294479 0.0289820 0.0143477 0.0215998 0.0000000 0.0143288 0.0216262 0.0216254 0.0215998 0.0216286 0.0071188 0.0217967 0.6132259 0.0148511 0.0220678 0.0143702 0.0216550 0.0216650 0.0143288 0.1000045 0.0217606 0.0146456 0.0910439 0.1331985 0.1000045 0.0149902 0.0150108 
Porites_solida_FJ423962.1      0.0071199 0.0071199 0.0071199 0.0748856 0.0000010 0.0071208 0.0071208 0.0071199 0.0909079 0.0909079 0.0071208 0.0991089 0.0998516 0.0217577 0.0071199 0.0071208 0.0834877 0.0217577 0.0217577 0.0071199 0.0071199 0.0000010 0.0000010 0.0143288 0.0071208 0.0071208 0.0071208 0.0071199 0.0217577 0.0071199 0.0294076 0.0143119 0.0143288 0.0071116 0.0143288 0.0000000 0.0071202 0.0071199 0.0071116 0.0071208 0.0071208 0.0217675 0.6454788 0.0148309 0.0220379 0.0000010 0.0071294 0.0071326 0.0143330 0.0998516 0.0071638 0.0000010 0.0909079 0.1329852 0.0998516 0.0000010 0.0149902 
Porites_lobata_FJ423973.1      0.0143274 0.0143274 0.0143274 0.0828985 0.0071202 0.0143293 0.0143293 0.0143274 0.0991130 0.0991130 0.0143293 0.1074163 0.1082370 0.0291935 0.0143274 0.0143293 0.0916680 0.0291935 0.0291935 0.0143274 0.0143274 0.0071202 0.0071202 0.0216262 0.0143293 0.0143293 0.0143293 0.0143274 0.0291935 0.0143274 0.0369978 0.0216006 0.0216262 0.0000010 0.0216262 0.0071202 0.0000000 0.0143274 0.0143105 0.0143293 0.0143293 0.0292070 0.6616522 0.0223886 0.0295718 0.0071406 0.0143467 0.0143533 0.0216328 0.1082370 0.0144163 0.0072766 0.0991130 0.1417163 0.1082370 0.0074466 0.0226311 
Porites_lutea_KF271436.1       0.0143269 0.0143269 0.0143269 0.0828953 0.0071199 0.0143288 0.0143288 0.0000010 0.0991089 0.0991089 0.0143288 0.1074117 0.1082322 0.0291924 0.0143269 0.0143288 0.0916642 0.0291924 0.0291924 0.0143269 0.0143269 0.0071199 0.0071199 0.0216254 0.0143288 0.0143288 0.0143288 0.0000010 0.0291924 0.0143269 0.0369964 0.0215998 0.0216254 0.0143100 0.0216254 0.0071199 0.0143274 0.0000000 0.0143100 0.0143288 0.0143288 0.0292060 0.6613429 0.0223877 0.0295707 0.0071404 0.0143462 0.0143528 0.0216320 0.1082322 0.0144158 0.0072763 0.0991089 0.1417093 0.1082322 0.0074463 0.0226302 
Porites_lutea_KF271415.1       0.0143100 0.0143100 0.0143100 0.0827936 0.0071116 0.0143119 0.0143119 0.0143100 0.0989864 0.0989864 0.0143119 0.1072783 0.1080967 0.0291575 0.0143100 0.0143119 0.0915504 0.0291575 0.0291575 0.0143100 0.0143100 0.0071116 0.0071116 0.0215998 0.0143119 0.0143119 0.0143119 0.0143100 0.0291575 0.0143100 0.0369515 0.0215743 0.0215998 0.0142932 0.0215998 0.0071116 0.0143105 0.0143100 0.0000000 0.0143119 0.0143119 0.0291710 0.6604030 0.0223603 0.0295348 0.0071320 0.0143293 0.0143358 0.0216064 0.1080967 0.0143987 0.0072676 0.0989864 0.1415305 0.1080967 0.0074372 0.0226022 
Porites_lobata_FJ423975.1      0.0143288 0.0143288 0.0143288 0.0829158 0.0071208 0.0000010 0.0000010 0.0143288 0.0991364 0.0991364 0.0143307 0.1074431 0.1082644 0.0291970 0.0143288 0.0143307 0.0916886 0.0291970 0.0291970 0.0143288 0.0143288 0.0071208 0.0071208 0.0216286 0.0000010 0.0000010 0.0143307 0.0143288 0.0291970 0.0143288 0.0370028 0.0071104 0.0071188 0.0143119 0.0216286 0.0071208 0.0143293 0.0143288 0.0143119 0.0000000 0.0143307 0.0292106 0.6626184 0.0223911 0.0295755 0.0071412 0.0000010 0.0000010 0.0216352 0.1082644 0.0000010 0.0072773 0.0991364 0.1417603 0.1082644 0.0074473 0.0226337 
Porites_lichen_FJ423963.1      0.0143288 0.0143288 0.0143288 0.0829158 0.0071208 0.0143307 0.0143307 0.0143288 0.0991364 0.0991364 0.0143307 0.1074431 0.1082644 0.0291970 0.0143288 0.0000010 0.0916886 0.0291970 0.0291970 0.0143288 0.0143288 0.0071208 0.0071208 0.0071188 0.0143307 0.0143307 0.0000010 0.0143288 0.0291970 0.0143288 0.0370028 0.0216029 0.0216286 0.0143119 0.0071188 0.0071208 0.0143293 0.0143288 0.0143119 0.0143307 0.0000000 0.0292106 0.6282321 0.0223911 0.0295755 0.0071412 0.0143481 0.0143547 0.0071208 0.1082644 0.0144178 0.0072773 0.0991364 0.1417603 0.1082644 0.0074473 0.0226337 
Porites_astreoides_FJ423961.1  0.0144384 0.0144384 0.0144384 0.0675190 0.0217675 0.0292106 0.0292106 0.0292060 0.0835014 0.0835014 0.0292106 0.0916818 0.0923631 0.0294293 0.0144384 0.0292106 0.1092373 0.0294293 0.0294293 0.0144384 0.0144384 0.0217675 0.0217675 0.0217967 0.0292106 0.0292106 0.0292106 0.0292060 0.0294293 0.0144384 0.0071756 0.0367002 0.0217967 0.0291710 0.0217967 0.0217675 0.0292070 0.0292060 0.0291710 0.0292106 0.0292106 0.0000000 0.6454915 0.0225716 0.0298139 0.0218313 0.0292468 0.0292605 0.0367568 0.0923631 0.0293912 0.0222551 0.0835014 0.1254962 0.0923631 0.0149902 0.0000010 
Siderastrea_siderea_AY451386.1 0.6027406 0.6027406 0.6027406 0.5709548 0.6171927 0.6336242 0.6336242 0.6324892 0.6039563 0.6039563 0.6336242 0.6039563 0.6342612 0.6050246 0.6027406 0.6006959 0.5058687 0.6100949 0.6100949 0.6079805 0.6079805 0.6225334 0.6225334 0.5913692 0.6390939 0.6390939 0.6058996 0.6379336 0.6318088 0.6304749 0.6485747 0.6774897 0.6476444 0.6604030 0.6132259 0.6454788 0.6616522 0.6613429 0.6604030 0.6626184 0.6282321 0.6454915 0.0000000 0.6341139 0.6297322 0.6485786 0.6638760 0.6645299 0.6454788 0.6342612 0.6686269 0.6505538 0.6319061 0.6510768 0.6647275 0.6781305 0.6436438 
Porites_lobata_MN005655.1      0.0072744 0.0072744 0.0072744 0.0685776 0.0146221 0.0220738 0.0220738 0.0220705 0.0930034 0.0930034 0.0220738 0.1014070 0.1021875 0.0073282 0.0072744 0.0220738 0.1022876 0.0073282 0.0073282 0.0072744 0.0072744 0.0146221 0.0146221 0.0146417 0.0220738 0.0220738 0.0220738 0.0220705 0.0074331 0.0073778 0.0300671 0.0300086 0.0148511 0.0223603 0.0148511 0.0148309 0.0223886 0.0223877 0.0223603 0.0223911 0.0223911 0.0225716 0.6341139 0.0000000 0.0075312 0.0148753 0.0224195 0.0223911 0.0300556 0.1021875 0.0225327 0.0148941 0.0944128 0.1382732 0.1037602 0.0077191 0.0077299 
Porites_evermanni_FJ423984.1   0.0146170 0.0146170 0.0146170 0.0847273 0.0220379 0.0295755 0.0295755 0.0295707 0.0930535 0.0930535 0.0295755 0.1014726 0.1022551 0.0000010 0.0146170 0.0295755 0.1022202 0.0000010 0.0000010 0.0146170 0.0146170 0.0220379 0.0220379 0.0220678 0.0295755 0.0295755 0.0295755 0.0295707 0.0000010 0.0146170 0.0377805 0.0371605 0.0220678 0.0295348 0.0220678 0.0220379 0.0295718 0.0295707 0.0295348 0.0295755 0.0295755 0.0298139 0.6297322 0.0075312 0.0000000 0.0221032 0.0296125 0.0296266 0.0372185 0.1022551 0.0297606 0.0225377 0.0930535 0.1362946 0.1022551 0.0152868 0.0153082 
Porites_cylindrica_FJ423968.1  0.0071404 0.0071404 0.0071404 0.0751123 0.0000010 0.0071412 0.0071412 0.0071404 0.0911864 0.0911864 0.0071412 0.0994145 0.1001622 0.0218215 0.0071404 0.0071412 0.0837441 0.0218215 0.0218215 0.0071404 0.0071404 0.0000010 0.0000010 0.0143702 0.0071412 0.0071412 0.0071412 0.0071404 0.0218215 0.0071404 0.0294949 0.0143533 0.0143702 0.0071320 0.0143702 0.0000010 0.0071406 0.0071404 0.0071320 0.0071412 0.0071412 0.0218313 0.6485786 0.0148753 0.0221032 0.0000000 0.0071499 0.0071531 0.0143744 0.1001622 0.0071845 0.0000010 0.0911864 0.1334060 0.1001622 0.0000010 0.0150355 
Porites_compressa_FJ423982.1   0.0143462 0.0143462 0.0143462 0.0830210 0.0071294 0.0000010 0.0000010 0.0143462 0.0992634 0.0992634 0.0143481 0.1075815 0.1084050 0.0292332 0.0143462 0.0143481 0.0918064 0.0292332 0.0292332 0.0143462 0.0143462 0.0071294 0.0071294 0.0216550 0.0000010 0.0000010 0.0143481 0.0143462 0.0292332 0.0143462 0.0370492 0.0071190 0.0071274 0.0143293 0.0216550 0.0071294 0.0143467 0.0143462 0.0143293 0.0000010 0.0143481 0.0292468 0.6638760 0.0224195 0.0296125 0.0071499 0.0000000 0.0000010 0.0216616 0.1084050 0.0000010 0.0072863 0.0992634 0.1419468 0.1084050 0.0074567 0.0226627 
Porites_duerdeni_FJ423976.1    0.0143528 0.0143528 0.0143528 0.0830630 0.0071326 0.0000010 0.0000010 0.0143528 0.0993147 0.0993147 0.0143547 0.1076378 0.1084623 0.0292469 0.0143528 0.0143547 0.0918538 0.0292469 0.0292469 0.0143528 0.0143528 0.0071326 0.0071326 0.0216650 0.0000010 0.0000010 0.0143547 0.0143528 0.0292469 0.0143528 0.0370670 0.0071222 0.0071306 0.0143358 0.0216650 0.0071326 0.0143533 0.0143528 0.0143358 0.0000010 0.0143547 0.0292605 0.6645299 0.0223911 0.0296266 0.0071531 0.0000010 0.0000000 0.0216716 0.1084623 0.0000010 0.0072773 0.0993147 0.1420247 0.1084623 0.0074602 0.0226736 
Porites_rus_FJ423979.1         0.0216320 0.0216320 0.0216320 0.0910678 0.0143330 0.0216352 0.0216352 0.0216320 0.1074930 0.1074930 0.0216352 0.1159086 0.1168126 0.0367391 0.0216320 0.0071208 0.1000175 0.0367391 0.0367391 0.0216320 0.0216320 0.0143330 0.0143330 0.0143288 0.0216352 0.0216352 0.0071208 0.0216320 0.0367391 0.0216320 0.0370028 0.0289912 0.0290257 0.0216064 0.0143288 0.0143330 0.0216328 0.0216320 0.0216064 0.0216352 0.0071208 0.0367568 0.6454788 0.0300556 0.0372185 0.0143744 0.0216616 0.0216716 0.0000000 0.1168126 0.0217673 0.0146500 0.1074930 0.1506810 0.1168126 0.0149948 0.0303842 
Porites_branneri_AY451380.1    0.0890173 0.0890173 0.0890173 0.0654219 0.0969266 0.1050721 0.1050721 0.1050424 0.0069327 0.0069327 0.1050721 0.0139490 0.0000010 0.1059552 0.0890173 0.1050721 0.1066938 0.1065848 0.1065848 0.0895350 0.0895350 0.0974932 0.0974932 0.0976387 0.1056906 0.1056906 0.1056906 0.1056604 0.1092057 0.0916901 0.0985181 0.1166088 0.1000045 0.1080967 0.1000045 0.0998516 0.1082370 0.1082322 0.1080967 0.1082644 0.1082644 0.0923631 0.6342612 0.1021875 0.1022551 0.1001622 0.1084050 0.1084623 0.1168126 0.0000000 0.1089666 0.1022187 0.0071270 0.0441231 0.0000010 0.1046824 0.0874584 
Porites_compressa_FJ423970.1   0.0144158 0.0144158 0.0144158 0.0834412 0.0071638 0.0000010 0.0000010 0.0144158 0.0997705 0.0997705 0.0144178 0.1081338 0.1089666 0.0293774 0.0144158 0.0144178 0.0922772 0.0293774 0.0293774 0.0144158 0.0144158 0.0071638 0.0071638 0.0217606 0.0000010 0.0000010 0.0144178 0.0144158 0.0293774 0.0144158 0.0372345 0.0071533 0.0071618 0.0143987 0.0217606 0.0071638 0.0144163 0.0144158 0.0143987 0.0000010 0.0144178 0.0293912 0.6686269 0.0225327 0.0297606 0.0071845 0.0000010 0.0000010 0.0217673 0.1089666 0.0000000 0.0073222 0.0997705 0.1426904 0.1089666 0.0074944 0.0227784 
Porites_lutea_MN602012.1       0.0072763 0.0072763 0.0072763 0.0766152 0.0000010 0.0072773 0.0072773 0.0072763 0.0930311 0.0930311 0.0072773 0.1014377 0.1022187 0.0222449 0.0072763 0.0072773 0.0854431 0.0222449 0.0222449 0.0072763 0.0072763 0.0000010 0.0000010 0.0146456 0.0072773 0.0072773 0.0072773 0.0072763 0.0222449 0.0072763 0.0300754 0.0146280 0.0146456 0.0072676 0.0146456 0.0000010 0.0072766 0.0072763 0.0072676 0.0072773 0.0072773 0.0222551 0.6505538 0.0148941 0.0225377 0.0000010 0.0072863 0.0072773 0.0146500 0.1022187 0.0073222 0.0000000 0.0930311 0.1361870 0.1022187 0.0000010 0.0152703 
Porites_panamensis_FJ423990.1  0.0829091 0.0829091 0.0829091 0.0590795 0.0909079 0.0991364 0.0991364 0.0991089 0.0000010 0.0000010 0.0991364 0.0070844 0.0071270 0.0999764 0.0829091 0.0991364 0.0999489 0.0999764 0.0999764 0.0829091 0.0829091 0.0909079 0.0909079 0.0910439 0.0991364 0.0991364 0.0991364 0.0991089 0.0999764 0.0829091 0.0924111 0.1073097 0.0910439 0.0989864 0.0910439 0.0909079 0.0991130 0.0991089 0.0989864 0.0991364 0.0991364 0.0835014 0.6319061 0.0944128 0.0930535 0.0911864 0.0992634 0.0993147 0.1074930 0.0071270 0.0997705 0.0930311 0.0000000 0.0363040 0.0071270 0.0953641 0.0784920 
Porites_colonensis_FJ423972.1  0.1245227 0.1245227 0.1245227 0.0991028 0.1329852 0.1417603 0.1417603 0.1417093 0.0363040 0.0363040 0.1417603 0.0438347 0.0441231 0.1430629 0.1245227 0.1417603 0.1256452 0.1430629 0.1430629 0.1245227 0.1245227 0.1329852 0.1329852 0.1331985 0.1417603 0.1417603 0.1417603 0.1417093 0.1430629 0.1245227 0.1353893 0.1504067 0.1331985 0.1415305 0.1331985 0.1329852 0.1417163 0.1417093 0.1415305 0.1417603 0.1417603 0.1254962 0.6510768 0.1382732 0.1362946 0.1334060 0.1419468 0.1420247 0.1506810 0.0441231 0.1426904 0.1361870 0.0363040 0.0000000 0.0441231 0.1397252 0.1217453 
Porites_divaricata_FJ423969.1  0.0916901 0.0916901 0.0916901 0.0673465 0.0998516 0.1082644 0.1082644 0.1082322 0.0071270 0.0071270 0.1082644 0.0143424 0.0000010 0.1092057 0.0916901 0.1082644 0.1091776 0.1092057 0.1092057 0.0916901 0.0916901 0.0998516 0.0998516 0.1000045 0.1082644 0.1082644 0.1082644 0.1082322 0.1092057 0.0916901 0.1015485 0.1166088 0.1000045 0.1080967 0.1000045 0.0998516 0.1082370 0.1082322 0.1080967 0.1082644 0.1082644 0.0923631 0.6647275 0.1037602 0.1022551 0.1001622 0.1084050 0.1084623 0.1168126 0.0000010 0.1089666 0.1022187 0.0071270 0.0441231 0.0000000 0.1048241 0.0875755 
Porites_lutea_AB441243.1       0.0074369 0.0074369 0.0074369 0.0784082 0.0000010 0.0074379 0.0074379 0.0074369 0.0952371 0.0952371 0.0074379 0.1038602 0.1046824 0.0150655 0.0074369 0.0074379 0.0874735 0.0150655 0.0150655 0.0074369 0.0074369 0.0000010 0.0000010 0.0149712 0.0074379 0.0074379 0.0074379 0.0074369 0.0150847 0.0074463 0.0227607 0.0149717 0.0149902 0.0074372 0.0149902 0.0000010 0.0074466 0.0074463 0.0074372 0.0074473 0.0074473 0.0149902 0.6781305 0.0077191 0.0152868 0.0000010 0.0074567 0.0074602 0.0149948 0.1046824 0.0074944 0.0000010 0.0953641 0.1397252 0.1048241 0.0000000 0.0149712 
Porites_astreoides_AB441242.1  0.0074470 0.0074470 0.0074470 0.0619605 0.0149712 0.0226048 0.0226048 0.0226014 0.0783885 0.0783885 0.0226048 0.0867978 0.0874584 0.0150863 0.0074470 0.0226048 0.1048133 0.0150863 0.0150863 0.0074470 0.0074470 0.0149712 0.0149712 0.0149918 0.0226048 0.0226048 0.0226048 0.0226014 0.0151056 0.0074564 0.0074955 0.0303361 0.0150108 0.0226022 0.0150108 0.0149902 0.0226311 0.0226302 0.0226022 0.0226337 0.0226337 0.0000010 0.6436438 0.0077299 0.0153082 0.0150355 0.0226627 0.0226736 0.0303842 0.0874584 0.0227784 0.0152703 0.0784920 0.1217453 0.0875755 0.0149712 0.0000000 
