18
Porites_profundus_LT631018.1  0.0000000 0.0000010 0.0011150 0.0056031 0.0056031 0.0000010 0.0011753 0.0029422 0.0005980 0.0011964 0.0013024 0.0013024 0.0000010 0.0009977 0.0000010 0.0020055 0.0000010 0.0011503 
Porites_profundus_LT631017.1  0.0000010 0.0000000 0.0011150 0.0056031 0.0056031 0.0000010 0.0011753 0.0029422 0.0005980 0.0011964 0.0013024 0.0013024 0.0000010 0.0009977 0.0000010 0.0020055 0.0000010 0.0011503 
Porites_sp_LT631013.1         0.0011150 0.0011150 0.0000000 0.0067305 0.0067305 0.0011760 0.0023525 0.0041241 0.0017953 0.0023947 0.0026087 0.0026087 0.0018758 0.0029986 0.0020089 0.0040184 0.0022199 0.0034602 
Porites_fontanesii_LT631020.1 0.0056031 0.0056031 0.0067305 0.0000000 0.0000010 0.0059116 0.0070954 0.0088841 0.0066192 0.0072230 0.0026070 0.0026070 0.0018762 0.0029994 0.0020095 0.0040194 0.0022199 0.0034603 
Porites_fontanesii_LT631019.1 0.0056031 0.0056031 0.0067305 0.0000010 0.0000000 0.0059116 0.0070954 0.0088841 0.0066192 0.0072230 0.0026070 0.0026070 0.0018762 0.0029994 0.0020095 0.0040194 0.0022199 0.0034603 
Porites_cylindrica_KC816690.1 0.0000010 0.0000010 0.0011760 0.0059116 0.0059116 0.0000000 0.0011760 0.0029437 0.0006030 0.0012065 0.0013032 0.0013032 0.0000010 0.0009986 0.0000010 0.0020072 0.0000010 0.0011503 
Porites_cylindrica_KC816689.1 0.0011753 0.0011753 0.0023525 0.0070954 0.0070954 0.0011760 0.0000000 0.0041220 0.0018094 0.0024122 0.0026070 0.0026070 0.0009360 0.0019966 0.0010032 0.0030101 0.0022181 0.0034578 
Porites_cylindrica_KC816688.1 0.0029422 0.0029422 0.0041241 0.0088841 0.0088841 0.0029437 0.0041220 0.0000000 0.0036235 0.0042286 0.0045712 0.0045712 0.0037572 0.0050057 0.0040244 0.0060374 0.0033333 0.0034622 
Porites_cylindrica_KC816698.1 0.0005980 0.0005980 0.0017953 0.0066192 0.0066192 0.0006030 0.0018094 0.0036235 0.0000000 0.0017953 0.0019544 0.0019544 0.0009360 0.0019967 0.0010033 0.0030102 0.0000010 0.0011503 
Porites_cylindrica_KC816699.1 0.0011964 0.0011964 0.0023947 0.0072230 0.0072230 0.0012065 0.0024122 0.0042286 0.0017953 0.0000000 0.0026070 0.0026070 0.0009360 0.0019966 0.0010032 0.0030101 0.0011082 0.0023024 
Porites_panamensis_MH845722.1 0.0013024 0.0013024 0.0026087 0.0026070 0.0026070 0.0013032 0.0026070 0.0045712 0.0019544 0.0026070 0.0000000 0.0000010 0.0009449 0.0020163 0.0010131 0.0030398 0.0011661 0.0024094 
Porites_panamensis_MH845721.1 0.0013024 0.0013024 0.0026087 0.0026070 0.0026070 0.0013032 0.0026070 0.0045712 0.0019544 0.0026070 0.0000010 0.0000000 0.0009449 0.0020163 0.0010131 0.0030398 0.0011661 0.0024094 
Porites_cylindrica_KC816700.1 0.0000010 0.0000010 0.0018758 0.0018762 0.0018762 0.0000010 0.0009360 0.0037572 0.0009360 0.0009360 0.0009449 0.0009449 0.0000000 0.0009977 0.0000010 0.0020055 0.0000010 0.0028360 
Porites_cylindrica_KC816701.1 0.0009977 0.0009977 0.0029986 0.0029994 0.0029994 0.0009986 0.0019966 0.0050057 0.0019967 0.0019966 0.0020163 0.0020163 0.0009977 0.0000000 0.0010032 0.0030101 0.0000010 0.0000010 
Porites_cylindrica_KC816703.1 0.0000010 0.0000010 0.0020089 0.0020095 0.0020095 0.0000010 0.0010032 0.0040244 0.0010033 0.0010032 0.0010131 0.0010131 0.0000010 0.0010032 0.0000000 0.0020090 0.0000010 0.0000010 
Porites_cylindrica_KC816702.1 0.0020055 0.0020055 0.0040184 0.0040194 0.0040194 0.0020072 0.0030101 0.0060374 0.0030102 0.0030101 0.0030398 0.0030398 0.0020055 0.0030101 0.0020090 0.0000000 0.0032204 0.0035257 
Porites_cylindrica_KC816710.1 0.0000010 0.0000010 0.0022199 0.0022199 0.0022199 0.0000010 0.0022181 0.0033333 0.0000010 0.0011082 0.0011661 0.0011661 0.0000010 0.0000010 0.0000010 0.0032204 0.0000000 0.0011503 
Porites_cylindrica_KC816709.1 0.0011503 0.0011503 0.0034602 0.0034603 0.0034603 0.0011503 0.0034578 0.0034622 0.0011503 0.0023024 0.0024094 0.0024094 0.0028360 0.0000010 0.0000010 0.0035257 0.0011503 0.0000000 
